0
0
0
1
12
0
0
52
82
35
2
2565
7769
132
115
0
1254
0
3
5
4206
87
6850
72
2035
1
4714
136
0
2147
13896
1
5126
1524
1
3
0
14
466
477
1068
0
251
1
232
1310
1
58
67
7
603
13
4222
13
81
26
99
412
1
2551
3600
1285
0
11397
8
0
4
0
452
2028
40
134
69
163
914
4012
148
11147
8
17
1
1
3251
2051
10012
5746
1
506
1
0
0
1
164
14
0
40
1539
31
5
3275
81
814
3
1507
41
1
32
814
11318
1119
41
3893
1
3021
0
8586
422
1811
0
214
6004
1362
12
8915
4637
32
1
25
48
0
209
1662
1
81
5407
6
8754
16
7665
6213
9
88
605
11943
1269
1059
0
3298
1
0
23
5
14
23
1
15
5
0
2
0
2
81
56
4521
1353
0
1
105
9
36
166
161
0
2236
19
161
1
5034
1
1
1
1
15122
480
2066
308
8
902
2352
751
368
11
214
22
2139
1355
4
0
192
71
268
1
4
35
310
957
22
234
234
3315
1
6
0
0
9643
14814
1
199
8110
120
103
30
33
6
1
2
0
2
142
6452
22
352
11
163
17
0
4
0
31
7290
6927
204
3570
0
509
2972
1
0
0
17
3754
0
7159
4735
385
355
0
1
0
82
1616
352
102
1779
799
3
3
1
49
41
1
63
3463
0
2303
11100
0
7591
0
0
1
4
33
334
1
52
335
90
11
17
757
780
6
1
6172
936
2
341
13
0
3130
0
0
25
48
61
13250
207
6300
1041
691
11958
0
3
0
0
1
1
1115
8344
1
175
1
188
0
3
22
9325
11
0
12262
1190
3603
20
3846
0
1
25
13886
126
145
42
40
1174
6
23
1
1
579
1
5079
837
6
0
2368
31
170
12837
62
5342
781
3
36
3
10645
0
8547
5601
1
77
0
1721
3890
1
4410
0
1
44
315
7962
1
136
66
374
5070
884
524
2010
2
1206
1278
98
48
22
0
82
66
1055
1
0
1212
1
11219
0
1
5261
983
2
161
2
4619
18
0
7393
35
3972
2
53
137
3259
2
6868
0
21
0
1
85
140
1
0
61
781
56
10
0
12
6508
64
3595
7101
0
5
2
711
1
1408
3
27
173
71
1277
754
1885
932
65
2221
0
144
3594
109
2491
1
663
0
0
5
428
5
28
4
1
1
1
22
2278
3
0
0
2
10
1185
24
509
82
8
0
14
976
827
847
1
116
502
3957
118
9
91
10854
7072
1069
510
9
12
646
387
18
0
20
410
2
0
232
0
2
1
14
19
5
80
1660
18
801
573
274
1
860
1
0
2
1
1
84
6
5552
31
0
1
91
310
2891
11780
9
13
683
0
1
3
11206
2748
515
520
1997
80
157
493
38
1156
4
7
0
0
44
2
8963
8
3
1
4110
3677
47
2
1337
1
1
2
1
3
1905
1
3
4376
2
399
255
1667
10
269
3
0
1958
20
29
1113
1521
48
707
16
0
23
5530
219
2648
1131
205
3582
20
2
160
1
54
2986
619
1
546
0
26
850
4
8
6
2
207
150
0
47
1
5
365
15798
1
0
0
7924
0
679
115
21
14413
38
590
511
90
145
98
192
13
5350
3
22
135
5
2589
4
3
56
0
1
2
232
615
3
1877
1
20
1990
1
31
534
0
99
66
6350
29
3684
2625
403
4033
6434
1
0
445
1
5242
7
0
154
2
548
6
1915
4336
968
147
3821
3002
323
1
249
1894
7644
32
1
8755
3185
1
2881
489
111
13416
10
1076
2
24
3310
0
3
88
260
1354
261
1626
1
4760
1347
3420
48
1356
4
5
1
5
46
6
20
171
22
3822
0
0
1193
28
54
88
10399
36
11023
16
39
0
8
3862
9053
610
2
1
3601
563
1
3327
1
0
6698
6
1
5
16129
3
3121
26
37
665
60
5
9
0
2473
12
4249
4
210
1217
2
1
14
355
1
26
29
0
3940
403
6
1
7457
8464
21
2
585
4
5
278
105
164
1006
0
10222
803
0
11687
1
0
30
15
669
8285
5
8694
1
0
16
9015
694
38
9
2418
162
4911
616
6806
4919
272
11
0
1661
255
36
1033
5
247
83
1771
577
2
1
148
116
5527
14038
29
19
0
47
102
0
45
825
2
11
10813
0
1
1
469
1
1025
0
12008
7
643
72
5336
6578
0
579
2500
1011
15157
2532
1431
409
399
3
1
156
15
1
16270
188
1115
14999
231
1
0
3865
116
123
2
115
2165
159
883
5
6709
44
1
1
870
2463
12429
0
0
812
94
7044
0
2
7405
6
818
16335
3
50
1
69
16099
3257
6
24
182
8
37
42
3874
110
285
0
42
2
37
0
789
3690
1
1216
5
10
10885
0
3
3
4249
0
5444
7
1925
765
47
3
48
63
10248
299
0
216
27
2
0
28
5813
143
10
3
5
5121
0
3020
0
779
0
1
1
12
119
426
7
74
2253
1642
2935
77
123
19
1347
6614
405
1
2558
18
0
2
750
2
311
0
12173
1
0
101
408
1
71
1
16097
0
9328
189
106
7361
0
7
0
3
4123
424
463
2
1825
121
150
193
89
5917
5394
138
2495
0
36
4
136
2
0
1
1232
144
3199
1817
581
170
7
10
997
2649
0
37
7
18
1
569
28
2972
0
10
6659
80
14945
76
3651
1147
63
2
42
0
0
0
118
67
54
164
1
4841
0
6646
819
0
5149
583
67
2556
4897
2
102
799
96
2311
52
43
0
7
617
17
11
1789
75
2
2
1
88
1052
1052
1562
807
8
10
4
4734
50
9
26
3445
37
30
2
7068
2
5076
8571
124
7514
7813
2
468
37
107
3932
1256
4
0
0
0
30
70
312
6
3
9156
0
2
33
737
8
12957
1
0
1214
472
5785
185
33
71
25
0
4380
1
424
244
1
270
0
14
3001
4811
1
2
0
139
3201
15
8906
538
2361
561
6321
0
289
11
76
11743
6363
32
32
10
0
3
72
3
36
1
35
1
1144
7
1
610
4413
63
4540
14
7
1
234
1
4
20
0
48
16
5
2
20
3777
66
5871
4
282
4343
6407
7
407
134
2326
332
465
2662
490
0
0
0
9523
3
43
2
250
91
1109
891
173
373
39
4916
0
581
38
2155
379
4603
14159
75
3
0
12622
305
1
1
1128
1
2265
1
3469
107
0
721
1
166
1
14358
3829
1
23
2985
1211
7399
6
13798
0
6
12
1
430
534
108
9
49
16
1817
331
0
48
447
15
3
155
1
4074
0
651
249
22
2148
9450
0
0
300
2
0
14
0
50
6033
8
3828
0
1
0
15211
521
5
0
2
1
1
593
32
241
0
919
16
1
3528
15017
1
17
3801
2015
70
1
8
2
784
10
3625
3
1
1930
120
7
64
230
29
267
8012
14
48
5
1
3
4
4383
2
1
0
5510
3
6071
8318
28
0
0
7668
74
141
0
6
7021
0
12
2419
287
14
1
1728
204
1903
2404
141
4
6470
0
663
1596
0
19
1
2
0
2
27
109
1
14
10535
1
3116
242
894
24
28
33
1139
0
446
2863
21
11
8
94
143
1
6740
1
181
106
69
4763
638
8
6
1839
3176
1
1565
4
0
3
0
9938
6
2128
12407
28
640
93
3
182
0
2025
0
46
1
456
1
7
0
3
3
15
6
160
313
0
6
40
221
7392
0
1
6337
5
2
2316
9
5362
409
5
14384
372
138
35
2294
11661
554
692
8
38
113
925
2287
132
32
4
5070
1
1
7537
12016
1458
997
4506
88
0
26
1
1
355
36
5
515
608
6880
67
15482
5
28
260
12
12285
10722
12866
0
1181
8
13405
11543
129
29
1
1
1
1298
15119
52
82
15
176
20
4217
23
5580
3
4634
0
898
551
9473
72
76
4
28
1
4741
2676
14423
66
2
4
0
233
2
1
128
224
2659
0
216
4
1
208
989
1
14
60
3
0
17
8060
0
15288
14394
5176
5899
2362
1822
0
3255
3367
64
0
3074
7
4197
8897
0
10402
32
2
57
1
1167
2
1
6084
955
1
0
1
2127
12644
140
194
2144
4232
2427
15
3
20
668
6
126
2
0
5
0
2
0
7723
435
2473
4
2638
5
3198
0
402
35
35
1
121
1
23
19
334
1
61
3343
64
68
1210
307
3000
0
0
2224
1
1016
0
1
1463
13543
1
756
0
26
13790
65
2
25
6
5593
15496
6911
132
85
162
85
2813
2
690
22
2
774
13
564
16
9251
3696
7
0
1920
35
61
2293
2898
12027
3
1
7820
8651
4019
228
592
42
1
98
0
752
250
620
1
9
7448
162
1
729
3
492
243
7
2971
18
0
169
959
12276
230
1
2
39
607
3
50
0
1462
118
0
305
0
219
167
7690
21
1494
0
1999
15
178
185
548
223
1
8161
102
1
22
119
1018
78
1
229
13
956
0
31
15267
8
1
1901
41
1414
193
1
42
123
47
4
396
1383
578
10
4035
11489
369
0
5
7923
0
1462
0
4
5589
9894
0
0
327
1126
4
21
2
1
5
382
0
35
1639
4621
1
1823
119
197
510
36
10
2013
397
1880
17
97
1150
0
1406
7
528
11245
0
223
13366
32
24
4
13
1752
1
9348
132
228
1
2816
41
2852
7
121
19
377
2056
1446
567
32
4
26
87
94
1
100
11
154
1
2200
10820
0
1028
115
7
3521
31
1483
5
6864
12096
2182
588
1339
7
5
4891
268
2257
139
4574
73
2
562
407
19
378
885
111
27
11630
2236
1
5006
533
1183
0
3
213
14481
3183
692
68
5456
0
1294
110
2005
554
0
0
0
118
506
402
2362
611
153
3848
5
1
14
570
21
0
7017
2
667
4022
31
13976
34
3
1
2
1
1
1450
14834
0
9911
3443
1
707
2
137
795
7
4
6
0
424
9
90
0
3
3877
0
8366
4
518
0
675
330
8676
31
26
703
13
3
5299
268
1279
1
1
1
13
7832
0
1444
29
145
5167
0
0
12
8
2
502
0
32
0
37
171
1
4811
30
15860
0
2604
84
2
47
2
11
589
235
188
354
1259
0
5571
931
413
5
247
2427
2
38
1
5299
1
4
1
11299
0
1
552
1
1
4
4
0
7444
27
37
63
535
6883
0
4599
1788
5319
5098
7365
83
7334
135
301
0
1
1
156
4
1
121
17
11884
6
4569
5314
57
39
632
6
0
3760
1005
1429
2
19
0
20
3366
109
2529
15
2
4905
1
0
2
1
8
1825
80
458
212
96
1
1
2202
42
29
9420
2524
0
13
1
4116
0
23
9484
1396
6
336
3
25
0
3
114
4
135
1
2
0
27
210
1465
463
1
1183
173
7
0
656
0
1
356
15480
3291
0
1963
0
1954
1
10418
32
3097
848
5
2337
0
7
14
63
0
8299
0
690
1
11
2743
9
1
1810
88
0
0
12
14
1
4
408
549
92
16
7066
29
1
15093
4
0
1
70
2
0
1
8
3
13
3807
1
2088
0
60
5
14029
2857
993
6
0
101
1
28
24
7038
10
58
293
4
1
5312
0
0
197
191
1
33
2
425
43
270
0
6401
29
1855
1591
132
6840
0
1
7
11
0
369
128
1
6064
38
92
1
0
7934
0
1
4
0
0
1335
10
27
280
106
272
4809
300
18
1
1
1
130
8
0
0
1009
13094
113
2391
0
664
65
1
9336
4
0
82
0
215
1019
0
0
73
637
15663
4
909
144
34
83
8981
271
9010
232
2
20
1
1018
87
8932
2710
1160
1044
7155
105
1
12
3104
1
3
57
282
1
18
1653
0
5407
277
27
7346
0
0
175
79
0
12389
2
15139
12
11020
21
17
327
12
8
730
0
32
181
1
1
79
2433
4
1
0
415
733
498
237
5403
401
12373
3301
300
6948
6192
19
1648
12175
1304
1
50
4777
127
1914
24
6
10
62
1
0
3
272
1
2609
123
866
2045
299
3345
2
1
4
86
1
177
773
2918
3628
5411
134
62
0
35
0
12
1
2
8925
54
8891
124
234
365
369
403
0
0
2127
0
1
366
5420
1
522
1199
3
439
3383
0
0
2412
1
1
168
4
5
12
195
1
2
2558
85
476
50
6
50
8052
59
7025
3912
18
600
1864
0
940
1
1
16
215
1
199
22
85
98
4
0
2720
2333
8303
22
1
1
9101
1
23
206
1226
3
1
288
70
6512
23
157
2013
1
3657
7
70
89
0
2
425
3137
2
1
23
601
4
11877
1942
1156
1
4
8
999
0
9424
8234
3
3687
37
2779
5569
752
6681
48
15126
10
10852
3495
1051
15756
22
8659
16
183
490
94
2
211
14
1838
101
6
266
92
393
2132
3116
9
645
1
8207
2861
7856
2455
986
0
0
11299
10
11511
0
15521
1
12
166
1
10
5043
4
0
1
37
1064
3
4
4
81
1837
2266
17
0
1
812
380
904
0
5413
1
20
4
11
4430
2899
2
5601
524
15
83
8
0
0
177
0
0
0
2299
9568
13502
97
113
3
1
1
5272
0
52
3936
858
29
7
3
88
435
1784
15
9
1
822
0
0
18
93
2
1
4456
1
898
1
25
2
581
0
46
4
135
8014
14389
44
0
1417
1
1
2379
0
2
2
3
8
1
1738
19
347
1
6
1016
0
1775
307
311
117
379
279
0
130
1705
12536
195
13
473
2
2777
2
4
91
81
1586
172
969
1825
16046
0
9476
1614
278
8149
14
0
159
10
1776
245
130
8440
4102
34
0
1953
313
1399
15
7
7
0
0
0
0
1740
0
39
1
3
109
2475
46
215
16
7
2
3
2552
0
141
0
14798
208
1739
2302
0
693
50
6293
10806
0
47
13606
45
60
4523
224
561
5
14616
1
1300
677
1
205
1271
106
2857
2764
7
123
390
15
0
5773
1165
42
4
12660
10
13
0
1
504
0
1
207
11
0
868
15365
337
3277
4
856
214
19
462
120
2
13
1
0
6
230
40
13
5
9084
30
4126
0
4
145
11629
12047
370
417
10488
0
2
908
243
1882
4055
24
1572
2503
1
1060
261
39
2465
5
6999
9831
267
183
7
1093
9
8
40
219
1
2382
368
2
104
60
13320
57
1079
0
6
3
3598
2
1
16
339
459
7269
12
76
204
25
2
70
375
8802
7
699
1
28
2
69
3482
1
86
3433
3280
58
9
0
9778
1
23
8
10326
52
3136
1
501
104
1256
0
0
2496
3378
26
0
26
1
1
2
9
4579
1675
2
5880
616
0
5287
9
1
15
4
0
10598
41
2318
486
2
4
572
53
2
176
10
102
10134
1913
6
706
40
0
403
1134
3233
10
543
2792
2
4705
5
43
8
9422
2
1
1
9
1
6412
3
2
282
0
30
80
14406
92
0
11
6623
5
120
110
14
1738
5843
901
1
7067
6
0
840
0
116
12
57
4080
75
4853
8501
104
4324
0
16
18
1
0
23
5940
1
14
1
314
0
5341
0
107
1
0
9578
1067
357
5
10175
143
47
41
1023
2033
4285
7
53
63
183
147
9054
0
1130
3
59
4
0
2915
1310
325
7803
193
11153
5916
0
65
1727
66
0
12754
844
173
1
6
4
228
11346
10
1257
2
4891
56
1
1
0
10
1136
23
2
2486
2
700
851
1
256
4
19
2
59
1
432
0
6
4898
1
291
10199
0
43
3290
6223
951
108
1
1966
12
2
0
3
320
0
649
2
5701
457
32
108
485
11302
1
48
58
54
1214
2624
2
9452
22
180
466
11
5
0
54
1
20
12883
2
1982
23
855
61
2297
401
1
314
4
583
7749
1829
3
0
31
0
1
7691
5
1
2679
9576
19
4
4837
154
24
1
145
20
0
7339
95
768
10
1
479
0
860
111
5376
2624
7871
8
5
4347
18
3
1656
0
7
11222
5151
0
8381
377
1752
1850
4
1
0
1
0
1087
232
430
2031
8
0
979
2
2377
487
9
14
6
0
7
274
1
11135
6
234
119
1044
220
1
5
1
3
49
20
0
22
4
8
492
1138
1
9
139
0
13
595
86
0
3
1769
3201
2
0
13
3723
5722
2
1
12
159
1160
3
411
12
2749
583
1
795
18
228
1
0
80
7
0
11061
2941
84
28
1117
325
35
0
64
21
1
583
7720
5
0
35
0
1
9041
15569
0
2502
15966
4
12
0
17
20
5777
6
38
103
2515
9491
5378
1633
8797
16
84
11402
1
1
582
4808
201
7486
3
1
575
1
9
1
1531
26
456
1
18
3486
1307
1
10
465
5555
8
1
2
11
0
0
1
883
40
1
233
59
4415
2
10
0
5440
446
3
2027
0
1
95
1038
77
1
167
0
3335
2
22
3
170
25
12
2
3761
153
54
70
0
12
248
98
0
6
1
1
8
126
135
41
0
23
74
1328
1
14
1
1142
1
10173
1769
56
62
84
413
8865
6
449
3224
1
1087
7
2752
5
0
211
5134
0
452
3992
1
3
0
1944
6
4812
3
15
46
554
59
6
1
31
1
10860
1
176
3832
263
7873
114
5
29
12
0
19
1
7568
19
1
156
12
17
399
211
514
81
31
1
68
64
239
153
2666
1118
13189
216
1
5140
38
0
0
4
1
238
5567
1
384
5
11
3210
56
4
21
430
0
5365
0
2
55
17
1895
5
5
1850
55
64
1723
204
26
11
0
15
12
1855
1
22
21
30
9
276
2
5
0
2
2191
0
1
24
6
1
3
9
1
12
0
31
1
0
133
31
371
16167
17
480
945
0
0
1
296
1521
1256
1
0
9800
7415
2
44
0
31
1699
117
370
7496
1491
28
12
0
1
27
7465
1913
5712
2723
1
1
4099
0
81
0
1
0
0
2348
11212
9
7
5429
2
12532
116
0
142
56
249
142
492
213
24
3723
248
152
16
22
4
7199
453
1916
1
1
42
53
7441
4295
38
4
601
1338
632
22
278
0
109
0
452
1155
2467
91
0
161
701
6
10
239
69
30
10
0
1407
2
5
282
0
543
0
0
6
2
0
14003
1658
0
2050
89
2226
4115
411
2
0
15048
12
2
0
864
407
1
0
1
1421
6
448
1
4
104
2
798
96
571
10719
0
0
1
358
54
2780
8
3523
52
24
2829
1
6
24
295
434
3196
689
1438
0
0
1
1
6380
169
201
790
74
9
1
352
2
8
184
8
3822
243
94
13819
10586
21
268
1280
1
304
94
8
122
0
38
151
0
45
106
8
0
28
5287
1517
68
11
13352
7209
282
981
6292
84
0
5
12326
2
1
2570
512
3819
9115
5
1
1
54
4
2801
144
16183
1
54
5294
7
3895
39
3
32
1
589
310
314
40
1
23
419
1
0
0
6
637
26
33
2
6
1
26
134
2201
9
2
5217
104
942
315
2
0
5786
0
1
29
63
5050
1285
75
1
1425
2358
5
26
3323
195
191
3
144
0
2938
3859
25
0
1
174
540
0
0
59
2
2257
148
10
1089
45
21
5
9490
312
0
807
1850
1000
185
0
2
96
644
0
33
4
1986
1218
51
10006
394
35
16
1612
1
0
7
921
12519
1263
1
1
12325
24
28
1
8
11
5145
6
5
196
34
33
138
111
22
7
1
1
124
240
4032
0
1
3241
163
0
0
17
1322
10608
6203
6605
4
0
3669
113
21
12311
32
1078
1
1
5789
0
15358
211
0
1
601
4
813
144
1
15
933
0
11310
2806
2
224
82
170
1
6
251
1
1
0
6839
4990
0
5395
446
7396
3
451
271
214
2901
3007
1
94
1561
10
13
1344
7947
8
1166
5517
1077
33
16057
4293
66
1
28
94
18
76
51
737
3681
15
15766
0
9
32
1588
15706
0
13
1
0
102
0
3
15349
14775
1
139
597
4985
66
694
16
242
3651
407
1820
2782
11
5794
0
0
23
4912
1
5954
28
5599
0
4569
8913
3
796
3
9
27
2
815
0
37
2553
5041
24
55
29
55
0
5
1729
5801
2
9
105
63
117
120
109
1
2005
2
19
8
767
12935
3072
490
481
1
140
3855
3
158
0
4
3249
17
214
40
0
2
6
17
27
1
11
6
14503
1
226
4233
85
1
8
6519
1134
4020
3914
20
99
0
144
0
47
1135
6822
34
200
247
4886
10
3281
3
24
13005
2012
66
5
19
3244
293
519
2545
30
1864
11
0
151
6
5023
494
15559
3
1
7
0
10
0
1
6
3958
5780
2154
1
341
1037
342
27
1
18
16
0
376
50
8
1
8
234
776
7356
3908
6
117
114
1
412
832
57
0
279
1
1
170
1581
559
6
21
1
110
2
750
2832
0
1
18
1
11982
30
3
8731
49
1
12644
1
141
0
616
2
11438
4949
1
4562
82
46
786
0
112
173
18
1
804
1144
53
130
17
1396
17
4
1
0
337
7
1756
119
7
39
500
3378
15
3
1
2805
52
916
3384
553
13
297
1
387
2
30
5
272
6724
1
166
1378
1315
0
0
7
37
2
511
7364
85
921
1833
5
72
21
1874
11
1814
1
9
2493
4421
549
9
2
2086
1
54
2
0
123
64
31
0
8
1
25
66
6
4159
33
115
0
63
1
22
47
2
0
3
13
2614
11
6375
1748
76
24
1240
488
1
1
37
690
1
4
0
25
1
3438
721
12904
0
3986
14
12955
25
580
2856
1677
1
165
12735
837
32
6969
7121
7688
2975
0
33
0
7
47
2
12
35
25
132
8
259
4742
14569
3
1000
98
21
3
1421
5
4
303
1677
377
377
9
25
1
166
206
10960
0
7669
1
102
416
178
1654
27
2
3466
278
18
5
5
292
4
1
1
1
114
9641
72
0
4401
157
64
3
3187
3051
467
0
2
1
54
1
1
59
2934
19
4
1
1
14200
6
7326
43
1
5
327
1244
2926
4568
533
0
1
32
16
0
881
214
451
4308
1891
1962
7626
1
1701
6058
100
2
86
2435
2070
0
985
4819
323
1
66
61
545
52
11750
0
0
3003
193
2512
5
12
2488
1
7300
0
7141
8318
0
45
3689
70
112
75
14607
9
47
142
0
0
0
66
3
2125
21
8
317
244
0
1713
2503
20
8344
1
493
110
740
8
1
6
2671
13916
84
260
137
1706
3364
5
407
11
0
0
23
14265
2
1513
381
387
15161
18
0
340
48
99
3700
1
1
5
392
13287
521
120
64
3
366
30
4
44
14967
221
1
105
380
569
5081
10951
0
73
76
356
6189
4
6
374
5
4
1595
123
42
31
191
1025
11
1257
3
270
241
16
13322
389
1961
5770
1
1018
1
528
27
24
33
774
14
0
64
0
0
113
29
1
1
810
67
59
9159
15949
9504
1
2513
1
15919
2345
11824
13046
1144
1
1481
175
511
513
0
17
57
13
1
18
559
11404
1244
12
1863
1
7
586
2310
198
1
311
1
6775
4
2932
644
1
12
31
0
26
1604
53
480
1
16151
170
3051
21
12
1
63
185
0
75
2029
3669
14
3
2
66
57
120
674
3206
87
553
0
199
7
9526
5
8868
481
11202
271
1137
13
532
0
1
2738
3771
69
1
213
2180
1
2635
2
653
60
2304
141
7038
3623
72
133
843
6
0
5317
1804
4025
3
4071
1
1
470
5
3634
4
163
671
2508
15905
2114
3
313
2
3232
6
2
9
0
123
15118
12
3
3
1459
6819
14915
0
1713
673
1913
13
6495
121
64
49
9383
5180
291
1
1500
3
21
4
0
1
276
0
2946
1
9573
1
2961
1238
1
796
112
110
5
2924
21
3023
64
51
0
9
16001
12991
3251
4
0
330
63
97
4
2
1
76
81
8
0
2232
152
4501
89
9687
784
260
1
1051
10641
111
74
3216
1096
0
1
14
1187
362
225
79
12
0
6
7
547
2628
25
87
12557
1
0
1
1086
42
1
3
187
768
1861
0
1
3
1
77
35
300
1329
1
44
1
477
830
36
18
1817
0
862
1
6281
908
1
0
99
4
1
4206
361
605
114
26
76
141
0
6
0
4
49
17
788
8
1
63
3604
1240
2
127
8
1
24
329
7694
56
179
983
110
4
16152
10
1880
3369
758
827
101
205
2
0
1601
1423
0
776
0
1575
3851
11
50
3083
12480
3
1151
569
37
1
80
227
11
4881
1
9029
5597
1
304
1554
13
13656
612
0
1
23
11262
15
1
415
931
987
1259
622
2
62
175
1
9790
100
1
6
11659
0
2682
20
10
1
1819
14813
1
309
87
1
0
766
70
7941
4
440
6
1
6
3
2
1
1
15
839
7945
74
44
14979
16
121
1
1
13
615
2577
0
7552
18
10
7939
2044
719
54
1
12095
1
4975
3
15906
4375
0
21
0
60
41
312
10402
7
0
15
1451
2
186
2
73
0
645
2
2
2
4899
2304
2275
21
5
879
24
1
53
39
38
0
1083
0
200
29
0
1
1
1
36
0
0
15
16
3440
0
10
1
1
102
82
1166
1
95
108
22
0
5
6254
49
2
7669
1117
1
380
87
2861
9
3711
1063
157
0
197
3128
1560
2
11
3
1662
5989
1
0
1
11058
7
568
0
0
10460
0
363
0
11
1
39
1352
824
1
0
16
13
105
1
732
853
1
43
772
9
3
2559
1
785
1
386
1
0
0
21
8653
7695
3
370
839
125
3
515
44
82
2
1
0
3934
324
2
134
225
1265
413
134
3093
487
776
56
1
665
7448
43
0
44
519
0
61
466
14678
1
136
99
3233
0
0
0
1
17
1020
155
0
11
8068
1
12718
0
883
217
174
6991
54
1
0
3
3307
5116
1
915
6089
6675
0
4
4347
0
496
42
1
247
3365
31
32
500
210
298
1
1
13
1534
1988
1
9
2269
21
9
5855
332
0
521
0
3793
0
72
8
793
27
1
1216
1
7
1
116
0
29
0
15306
1117
0
1
57
161
1
3
8341
39
0
72
2
1
0
6908
1
1
9
11
2
5
1240
0
567
11747
0
11609
42
12018
2960
2621
225
9078
20
6
2647
983
8
1268
271
249
147
351
1
0
3644
15710
303
104
0
1125
408
10
0
243
22
8970
13
4
0
573
1
784
1
0
10147
1
1
55
28
12128
37
31
4
6016
23
0
1236
1
0
6
11
1510
193
0
1
1
1
871
14127
9
0
6357
9
1
2452
12307
387
9
253
118
10
153
618
0
1
16
2012
4
1
478
0
67
2
3
0
14784
1
3
4
14
0
55
0
212
203
5949
601
13
0
31
803
2
4156
358
638
521
739
35
58
5
6573
1
4864
1
283
6236
19
0
382
0
41
5707
7841
2
28
287
0
46
764
30
0
1
7
5
701
16
108
0
4
1
750
25
4533
32
0
1061
496
34
0
13
6270
0
0
6394
1140
192
7
1
1309
2476
1460
8381
12365
271
70
832
402
0
1
1
22
13188
1240
5
410
1
0
0
12
100
3
0
409
1544
66
1042
218
8
4109
1
2521
640
2
10640
12
0
1
0
81
3
1
0
7
8
5095
2
150
30
2
10
2288
810
58
1831
114
113
35
515
119
21
0
693
709
2620
235
5
6613
29
1598
1
2
1
4
1
130
1052
774
799
1
186
84
545
72
30
15077
5
0
62
12
512
179
35
9566
1
4601
1
23
9483
3545
7
0
5653
599
1
268
7
6
2123
118
724
547
83
8207
1
1573
1330
85
2
2
1846
0
1
1
14
2379
151
1
0
494
12
4851
9
0
1392
8636
188
0
619
2
23
1
255
276
248
9833
1026
9
24
1491
640
43
10
0
76
143
6205
560
841
0
1202
569
1699
5
1
300
6275
2220
1083
1
55
1415
1
10
5
32
2594
4
2045
1
12
591
96
30
47
2768
1
6
59
1003
2
5
0
1551
10
1014
346
1
2407
1
11912
14373
17
2
2
12
8837
14
334
8941
14
1
797
41
16
1
1
7
9908
5728
8951
12169
0
63
1
5891
3
2
3486
523
14
1
192
1
1314
9481
112
849
609
2
61
40
6643
139
11
80
1
216
11
18
1245
401
39
6677
94
9
1
43
948
429
2209
10159
1
1
1
1
0
56
20
6452
8
63
0
50
0
1
227
1
7677
4
211
29
10
13
76
1
249
4
7206
8941
1
307
1
4662
0
1
50
2
26
0
0
875
49
4
907
24
115
7
4450
1
342
0
15049
6739
1595
33
0
753
3593
0
2420
460
254
2961
9835
2
2570
8328
167
2
70
17
0
6
0
93
258
300
178
0
2
0
3283
6
10
300
708
2
8
2160
144
0
1
69
1
373
6537
348
10
1700
0
83
325
841
189
3471
273
15
0
196
14419
3
3664
138
1
1
284
1
57
998
268
7657
143
1
7035
259
2
18
313
13
858
3331
0
400
0
101
658
0
915
26
1659
91
608
1
614
5676
3
1
1080
69
14877
65
0
2
5
8498
476
0
4
570
3
9
2244
86
384
8001
203
6
6581
5
49
1
9498
1
288
375
827
14
5
456
29
4024
15
4622
9
11125
960
169
2785
13362
223
177
14139
15786
11255
8
1338
1
2
1053
0
1
11437
1567
31
116
12
6
62
76
1559
29
253
1224
77
52
9187
29
9183
5
13339
45
1358
886
6
346
5885
22
108
336
1399
36
1
11
3324
29
14
10316
6
0
18
633
10472
8
4127
2
9
0
8613
18
0
0
52
2
5768
4
4595
7
0
5
205
10590
4553
2
0
45
10481
14
66
2089
1854
0
0
4
955
2468
4
2
2423
96
22
9778
1
513
11
1419
3
5104
1
4
6564
11
1
4
64
1114
1531
1
31
157
0
1452
350
12
66
909
0
4854
28
10
0
10
8
790
1
151
355
15
15
89
167
15627
541
87
26
195
14558
0
187
246
0
2957
124
3272
103
233
147
61
141
64
3941
0
205
1
2
750
50
2
1
777
19
2
4091
3003
4
763
1512
1
2372
3
48
756
46
570
892
111
7242
2
5553
726
16
0
117
0
53
483
1
11
6492
51
172
1392
1
442
58
1
18
30
1
776
802
11489
233
1
68
577
972
254
1631
37
2
384
76
561
6163
6
15463
1
436
1
0
1
0
23
1
2835
1
0
13762
1
27
708
74
4
1
2604
180
103
48
910
6421
827
11
1
12
14
1912
4
0
22
1389
4883
2
329
3167
8
681
15
1
542
2747
10491
66
120
5
1
3
153
0
115
5421
519
14388
1
16
834
104
1
1
172
0
2
1
1063
63
61
1
375
11981
1
7551
0
24
748
9956
909
32
151
4025
2448
0
11539
685
207
1
1
125
30
1
12917
6
0
70
7011
2
214
0
220
15
4598
20
1
943
1884
0
1344
6
5869
3727
1757
4
24
14230
247
14035
443
587
2
13
1484
78
2658
43
1
128
8617
743
4
78
12
9
52
5549
10
0
41
4
0
22
7570
1
322
4
1
5599
43
1
2549
162
1
12
5
190
9
36
163
10
63
1483
3
35
832
4064
3334
4
0
2
1445
3
1336
7893
6
687
1
1477
124
3346
26
834
0
539
251
1
3006
297
1
52
6526
11832
32
58
1
8243
15645
197
8028
0
104
253
56
1526
3
624
46
32
5
57
1
0
1
8500
6
4915
0
2
0
24
14762
1951
246
83
109
70
0
2
150
8
0
2793
130
152
0
10
1095
6
49
784
15
1
130
721
2149
85
2559
5
12216
401
0
1
1970
2344
11
514
7934
99
1
322
33
236
0
12643
43
418
8098
4
9
27
106
9245
101
8620
984
802
106
71
4
3258
0
14040
204
7
0
6
0
6
9341
1
2360
38
290
9409
6
1579
1428
114
33
29
14
51
0
0
5713
6
8373
2
1
193
5
11129
49
4673
1242
0
4888
0
3279
164
0
138
1
13045
11
1
2
0
11281
14
1
3841
172
0
1
7685
409
0
2
4451
74
0
240
17
3014
1927
2
272
391
468
3682
10
865
16
1762
226
1
1
4953
0
6467
0
1768
7895
13
13
2
0
0
0
600
23
5192
17
6793
1
5363
509
268
557
1
1186
5365
1041
1
386
82
4
13697
123
312
0
76
3
3981
31
1929
1
11514
1
139
57
42
50
7
273
38
0
0
27
6142
1
3
1
1
1
0
8921
0
316
162
14829
1
1
9531
2130
384
3
11416
780
71
153
6789
1101
2
3900
1
2
18
146
1135
147
12391
3039
1
1945
4
46
9
4
1
1010
74
2
0
6
0
3
0
7225
3528
1
0
44
15
3
251
1
1043
111
0
2537
9471
399
351
13239
9
24
13
303
0
87
1090
57
54
505
8257
72
131
3519
18
701
312
20
114
1
4107
131
3
2854
11925
2
58
1
5180
2529
0
50
2596
6823
118
91
1898
90
103
63
247
3
7661
65
1
2
6401
1060
109
3
1
2
5
26
19
5
1
1588
425
8308
0
0
69
2
0
576
27
0
5134
140
2
1969
848
60
1638
137
9
5001
33
117
0
4562
1
1
395
4
8
3272
1
20
5
6601
1
2728
1738
873
42
61
4031
456
1341
581
0
8505
2
4
89
15
6318
32
1262
218
445
32
3
3
246
12254
60
940
11481
1797
6
2
12
0
0
1
930
5
0
0
433
14
228
3860
1
2168
21
102
1
21
4409
18
1
10375
1
0
142
13004
2
34
1
1
284
8099
110
721
78
0
7708
445
3707
14
26
10925
375
5
203
0
228
4
1
1091
2
29
11
2761
2
163
2
1146
5
332
11823
119
6869
236
0
6450
78
2
11782
3
16143
3
2376
76
143
2376
596
47
3
3138
0
5
1
1888
10438
1505
156
2
5767
383
5544
2
147
6869
3096
0
2
1
487
188
41
204
10533
3353
9232
36
11853
52
215
14
1
0
2746
108
10
305
237
18
506
3
0
6835
1284
5559
63
2476
21
758
2
60
7056
0
79
3
816
96
1
57
4
1
0
15
63
181
2257
165
3
1
951
1
0
3
545
2
38
0
1
5434
607
4175
1
196
72
0
0
0
3115
7
1271
59
1
1
5
34
1
6
0
4
1224
214
2
1395
402
9
12739
25
1353
0
20
499
674
7945
5
3312
0
285
3880
2174
430
3
0
168
687
5
1
8
1
16
96
118
2305
1469
31
899
17
15
490
493
106
620
1
31
241
13
0
30
55
2
977
1
2
40
1
1
2
2
296
2
25
274
189
1
0
30
1569
23
37
8
5681
5275
18
33
18
6
1
189
7926
2
11534
1
1558
1481
4
1
71
0
1
1271
13188
0
3
10
3251
12629
2194
5
362
11
5022
328
104
100
5448
56
1046
8
0
510
5065
1387
6290
658
1306
345
2386
3
4028
3216
1
14580
452
1
137
48
20
1438
146
7278
15800
9409
307
318
1
572
670
444
623
13083
2220
59
3
2
7651
202
3
6977
0
7260
1777
9
2993
2
1
1172
0
22
414
407
4
2
1
36
0
0
10
158
0
16
294
32
293
1208
342
2
1255
5895
2
2951
138
5274
24
375
2
56
760
0
0
8241
11
5282
0
1883
6
1728
17
45
7928
3
518
0
6297
22
3161
135
0
60
3
835
225
6619
0
257
181
0
3
7672
4683
14
15
4202
1
6
13
4928
46
199
13
0
4
1197
6539
3
4
504
3
1465
94
12063
2578
3541
43
71
1
1
1
5
30
5
10141
217
1
7376
12
2
0
2
929
0
0
2828
18
168
24
0
0
2
0
4565
2891
1
1
131
6586
88
3
882
62
62
0
171
14089
659
12769
0
830
32
269
52
1
9674
713
13095
192
27
1
10
7373
1
1
1104
2342
2
0
1
500
115
1742
311
918
1066
2177
5409
2
107
8
237
560
35
6
114
5991
212
4433
5992
79
3
108
28
0
1389
96
3732
4155
1
0
3526
205
0
1139
1
352
0
1803
1
199
16
10493
2077
4561
2924
125
45
35
11861
64
41
4814
1508
119
0
3
8
0
17
2532
1364
0
1
118
0
1
15239
3
0
1
6
0
37
45
0
66
0
5
3
21
75
1
131
149
3
12810
413
3
1
1
1298
1
0
2140
4892
18
10620
344
3049
275
13
205
1
44
2
21
6617
49
12001
19
1
22
34
1347
1
55
105
700
7
12527
2
96
1
1
1610
0
16
10
348
43
33
5048
4
123
3712
7930
1261
0
2
506
15
2
1
15
242
277
2
452
85
1742
0
2
10
5
20
35
5506
1
82
20
4633
35
13333
250
2
1
0
7
2254
5
56
5534
2506
0
413
0
1055
234
125
3
9470
2944
15517
5510
654
802
804
8
0
0
1
0
0
48
7
19
1422
1
12
0
9521
1247
6489
5146
10
2
1
7
23
409
9504
274
20
59
522
0
1
3
1
1866
1116
20
87
123
1322
973
5
2422
2
1
14182
96
16
138
11
1
13385
4288
3095
205
5
4673
5
52
5618
4
8
0
0
3124
19
3
1
0
19
12
506
457
41
175
688
0
9
780
14727
2
19
5069
1815
537
154
1
1
50
305
0
50
22
609
53
8
3
10502
205
938
19
1
2
7
0
14978
1
0
68
1882
1
3473
367
1
26
3297
3
3003
132
6
1
32
1
38
0
2
233
2
0
1
51
2
987
8
109
2
109
0
1
2706
13869
518
3704
1
0
0
1
189
0
22
526
12
15508
971
509
606
22
121
1690
10
1
4
314
3
843
612
1
541
2960
0
5514
555
3
1
1526
2
0
85
149
4
13
218
4
2982
297
87
50
79
141
16
1241
18
2090
96
20
2858
3
3
11
9
1609
24
52
47
5
38
10593
426
0
15031
22
991
61
94
7270
1
1
15167
0
353
3264
1098
15
0
9
5
44
22
38
0
23
17
0
13
16
21
201
0
49
0
1
7601
3
4
663
1629
69
14740
1
0
23
1439
7448
139
106
1
15
3
410
9008
11
231
2933
375
1168
334
17
2310
1
13480
1279
77
6814
1220
3
1942
22
1
1
27
84
56
0
1
1174
542
0
231
521
1
0
5067
20
74
1
70
6025
352
4565
3
1
24
14820
118
42
1
0
1
63
2548
108
18
10
12268
2960
6007
15895
1
472
3
73
108
0
8
1575
1803
11040
11
3
1035
1
21
367
1
0
8
212
3
6177
150
99
123
6985
1858
0
0
235
1
5
2730
5
14541
0
8
271
1508
245
131
7343
1
0
76
58
22
98
6
4311
9
1
6
1412
292
3
10
4
0
618
0
543
0
1
757
1
59
1
1
1
2
3082
9
11
7
78
137
797
6461
8035
1
1655
13
12379
145
0
0
1775
1
9
0
1
523
14
229
33
1
9250
1
306
209
3082
5394
1
338
415
15817
6
18
0
95
1757
2946
390
0
131
75
31
525
49
1130
586
0
3303
518
24
24
6788
28
1151
9665
1
25
10
1
3
10
10
19
23
1433
8
0
101
5828
0
40
25
12125
307
16
1
32
686
503
0
120
668
0
10848
80
0
28
1
7
1
2
2257
2
5403
55
1
3
1
20
1914
3013
2
744
4199
0
8980
0
3346
1
223
15
8029
38
1011
26
7
10894
70
1
3
120
12
0
2
1
2
0
0
1
1
5
3873
1011
11
2
14106
8361
3031
652
481
0
9
5263
1
6903
27
0
113
1
2855
902
158
0
7
539
3295
15511
0
1540
227
39
7223
1594
8
42
116
4226
440
1
11
16
16
1
168
1083
4
4369
198
646
8347
1
32
5531
0
8
906
40
3831
14
1136
0
2
3684
90
60
29
3
9
33
130
344
54
18
3
10135
191
191
3
58
5468
2970
11
15161
10
326
578
10726
94
0
10893
213
1
4
0
10129
0
174
164
1
81
16
1
2
13
210
0
13760
1
2007
6
5
12
339
175
3044
6
3
1541
4376
61
70
1222
1699
8244
81
5173
520
1
105
134
0
1579
10067
53
269
115
1
4802
368
5
3267
14938
0
14
5411
185
5015
1523
5
179
1
6
9
3
7
821
6
13
160
13
3
11369
13184
1
7177
317
2
10925
10
36
1
3
9217
1821
0
8
1
1
1018
4
174
7447
1662
71
16
2138
1
0
57
0
111
81
7486
3
163
52
30
3
306
0
13
4284
42
1
38
973
1
226
1105
140
430
59
309
96
190
8623
0
2
0
2405
0
1
1096
64
14
0
2178
2
85
2789
3999
9
2215
0
13915
10243
190
2
16224
20
4
358
2995
6172
2311
0
53
9944
259
10
25
2187
0
2
0
3018
0
4
4
2701
957
187
3795
2492
0
3347
9274
3926
3357
2966
6
561
2794
2285
4
0
0
0
2135
1
10871
3756
6559
126
427
4664
6
135
198
14476
9
41
36
220
163
1
1755
10
57
21
806
61
0
1
0
65
3284
23
39
3
1814
0
35
48
2
1
1775
31
947
1
4717
196
922
334
5
622
6
19
0
3
318
3481
2
49
3
1
2
148
5611
785
1
3
11
0
22
5
9
531
6360
974
355
734
1452
939
3104
8758
3
174
182
1918
11679
9
1384
0
130
3308
163
2573
1
1
0
1
0
8
2315
1
13
612
203
204
6970
0
2
0
54
0
48
2
3744
1626
35
0
60
6570
1
3742
2502
1082
105
2
1247
45
7
2247
42
29
1
4086
1
13
4
50
187
16202
0
0
7
1
44
0
1
1252
0
23
32
35
233
0
257
0
845
1
9
8914
0
1
2018
685
0
4328
0
1055
121
601
38
0
2519
1
3
1
347
169
46
3158
1
314
22
1
0
22
910
11130
5
216
7
47
173
2435
8
5847
4
14926
4123
702
0
5595
373
2
627
2853
3428
188
402
3028
55
17
0
46
122
99
14
6636
8144
3492
772
908
3692
0
192
490
74
14
98
413
3
568
1841
11655
16
25
0
0
0
1
1
1
401
505
8956
0
1533
152
0
420
167
1
8
1
24
1
8081
16
4594
0
6477
14789
2
8508
700
11622
6
4384
737
1926
1
805
4884
10368
3719
1
36
1
7175
0
0
1038
98
201
1
2
7449
2245
72
356
576
0
4977
119
165
5
228
130
60
0
4190
3994
894
224
0
8
7594
1
1
27
15
0
7471
62
1187
0
44
1
0
2034
4003
437
0
1683
103
1689
74
1
170
23
34
8
1
5642
0
68
157
4
6041
48
9491
2083
627
0
1928
1
3
2
7590
17
0
133
1802
1440
0
94
577
0
624
241
0
0
66
8146
3052
0
0
0
7117
2420
31
2564
1785
1
350
2075
1
2525
996
3625
1
2
1082
1592
243
0
466
8924
48
937
0
53
0
168
22
1742
8686
1
10
2
12
2
1784
13
1204
55
1
0
4
202
317
28
225
1501
5061
1
127
0
3705
1087
3472
3832
11
3539
12
4
7
316
1100
23
4
134
0
623
0
63
64
3
5912
803
290
1
1141
1644
13214
317
5461
2215
1072
948
79
4
104
11302
30
57
365
119
2614
2657
207
4494
1452
35
62
2
1911
1
10
0
86
1
1000
383
5
0
766
3
11376
12715
6
174
23
11
4213
37
44
43
345
5686
190
452
0
189
0
1
0
0
12
46
89
70
648
7
834
143
228
96
8
64
7
67
0
6
0
38
0
0
1337
9416
6
98
3841
5605
1
14149
17
3
184
4
1
74
1
4
4379
41
0
13
4
3201
51
0
0
703
29
4
258
1
37
1048
61
66
2532
347
201
1176
7
7
42
2
1960
2684
39
665
4
18
123
2
79
61
3450
1
1
1
1
896
1499
324
0
61
1
1102
1
96
7576
85
244
3
1
854
59
1967
131
7339
0
7
477
4
172
3
1
1106
10366
6
1428
0
305
36
0
2326
676
16
12
318
0
2
1391
2
2
8670
0
5
2843
2006
16
1022
13
12
4663
2882
2458
2196
0
10
1
1697
559
154
681
9
3377
1399
0
3
4670
29
13546
119
2
1
2613
0
4
175
0
0
2890
38
0
2083
843
4
2090
12
104
1
5398
6059
6
0
29
879
4992
830
1575
887
64
13
255
8895
1288
4
3
2160
92
6
7851
6967
10
723
0
150
2
0
4846
2
41
7762
1063
259
59
714
1
0
596
423
275
3
168
1
1552
3908
775
10183
1952
262
343
22
33
274
2329
5
3956
893
13205
22
4
16
1
0
1
113
0
492
80
126
1055
2
1328
13884
5
14698
11608
1
1
533
0
0
12
14
0
22
339
9
0
59
10723
24
139
9
164
9
563
1766
2
165
7522
1568
0
11
1
5920
4
8
106
0
0
88
191
18
15887
2722
1
48
171
450
1080
34
959
0
6
9538
41
0
6203
2
0
14
41
1063
3599
46
97
15
3
1
1
1425
7
0
4
0
453
19
1115
29
14219
791
1
101
0
0
2194
16
130
14883
193
81
1
3
4
4835
1
5
1740
533
1
2453
5130
8
356
23
37
16
281
7716
4809
9623
3803
121
14672
7
0
3
1
2
1
919
4322
3557
1
30
1333
47
794
1
8
0
2443
0
29
13300
1168
134
5556
0
0
4071
4
0
18
60
336
8407
18
42
174
52
7448
0
1
1
36
1
2071
0
5803
10757
792
2586
4062
2461
4
16
3
3572
58
99
4762
1
16
1398
2
2703
0
14
1253
2
260
1749
1
52
328
487
1
305
175
1
1
11090
15
2491
87
963
2926
1948
302
2128
346
4
30
8151
4631
1
1
0
30
49
353
502
0
212
1542
832
8426
1
94
4576
72
0
0
862
43
1
306
10
40
4
5
13180
291
0
689
10
100
0
69
707
5
1
38
95
199
127
0
1
1157
47
4887
4678
463
4
21
12303
3535
10536
3
283
72
17
15
3
40
125
82
385
9588
339
93
90
2058
140
76
1
0
860
9
234
2440
26
162
352
30
3
77
14329
14
10368
1583
2727
4
0
7695
1
1634
9665
159
33
110
18
276
24
397
0
3251
1
16
1
8057
1073
2
11
9420
1
144
1
11969
78
0
156
7423
1
9806
5
216
286
8
6705
1
158
83
162
1273
714
1
53
0
79
117
3
227
4
153
1
0
1476
59
301
2717
39
23
1453
1
0
80
3159
1739
695
5
0
223
2755
0
416
28
1
4897
13
0
7234
2697
34
1176
0
8
398
8
8964
0
3
0
3877
67
0
3
8553
291
1
11
1472
10
299
13944
46
1
1
0
13206
270
5674
53
68
7753
536
33
1653
14400
26
273
2597
94
3401
46
3876
1
118
800
1
8
420
467
801
180
6435
8469
22
4
66
9249
0
1870
4
473
3
9306
4
0
802
73
1
13
5
7396
1083
2174
4970
2
513
6832
1763
5061
3
31
196
0
81
1597
17
131
2
34
0
1
400
3733
56
2026
72
835
10
84
155
1
3
471
14963
67
1039
3
466
11152
0
63
4
236
3
1
31
10
611
1
38
2821
5915
6593
139
341
0
331
166
356
1
1012
34
2
7856
1153
1
38
0
12675
690
5421
48
14813
1
1
13
8027
13
20
8361
147
2586
22
1
55
2338
41
522
322
19
4989
0
3
49
169
2
4393
2098
56
178
95
0
1
4
11
9671
1
302
1428
5
1
4
527
2
1
1496
4
4429
716
8872
2677
255
0
3
8837
445
97
0
6
0
5736
1055
2851
57
0
5
65
839
12
2
5
561
17
2139
11270
3
208
342
13404
5249
1
29
11
191
313
2045
4206
53
3974
1444
1205
2
235
1
5
5
60
50
315
1
1
4
1204
3052
17
21
45
1
1
771
80
0
249
236
431
107
19
0
944
26
33
153
3644
10
44
140
28
14525
10083
1
7415
82
3
8410
4
1278
1194
173
116
1488
989
43
14383
19
1342
1286
2
218
11837
1
1
47
165
0
568
5310
1
3
11152
289
67
2679
1683
10770
8544
9
3857
6
0
12872
3263
3096
264
1
5
242
13
277
1
1
112
591
57
9031
620
161
9243
17
8430
3
271
35
0
2035
64
0
3
11235
1
2297
11840
972
1
204
14
57
0
270
223
2
0
1
12
1
724
1
1555
0
1
9
2711
2
117
23
2999
5
20
110
2
0
1
0
2057
245
373
263
42
0
982
1
1161
4
1874
0
149
35
72
87
1
0
5
51
1616
143
29
22
10827
7
13
1722
15
379
0
112
1
7908
3975
6597
11203
23
2392
407
0
5648
5112
0
6
13627
27
167
0
1
0
14032
4
79
1
13
2
2
12106
9044
922
1
10200
5
11189
1
0
3
1
0
28
4421
1
1960
5818
1401
0
71
147
3
29
5910
0
0
1015
138
1
4425
0
4275
3950
4
7
2434
11
4221
1316
95
67
6
2
66
0
404
1
1653
9091
2
0
2
0
0
1352
2266
1
413
246
728
172
4712
631
14
3796
767
1
1
1847
5181
29
2
2019
1284
254
4040
19
42
113
2451
220
13
8
3
362
2173
5144
0
1
9
100
0
2048
1688
20
922
1
15259
105
43
6
5658
0
31
35
18
585
308
836
15
8
7
7
978
77
2854
8
0
2126
2
20
9
0
4
659
303
0
3835
130
625
65
1015
211
81
2
1
19
1
14924
2562
65
46
2744
0
156
5
4
837
7945
3215
1767
0
1
12763
8104
16
980
1066
821
76
3
1
1076
2428
7708
1
26
0
251
862
192
238
27
7403
15
1
1164
1
374
15
564
277
2
11
1678
14838
4376
18
20
19
190
346
0
7509
2257
164
3795
0
0
12
9206
1
31
1
0
8
8
1
1073
10
0
3
0
2
1315
776
15582
7
12713
9
149
11693
4242
449
736
230
100
219
578
3
10
231
947
5270
4777
578
11
2331
18
12
1
2
2810
12067
1
9825
13
230
640
4043
93
0
4
1
1
1
13375
4240
3738
2223
1274
10655
0
4
7952
0
2
55
45
32
166
16290
16
0
1
70
105
3170
53
1
74
339
96
39
9
48
12
3
24
201
11
116
13
3
1
553
3167
6020
189
18
4283
3
11
83
2
0
280
10
1
0
2
0
2037
6710
206
47
16
5
0
0
1416
9914
13153
557
328
263
16
47
18
305
176
3
896
341
21
1
12
9100
4677
248
847
33
232
1369
98
861
0
66
3359
226
2
6005
11938
10247
246
1
0
0
41
15916
0
3399
30
99
1
146
734
69
17
5467
1814
1
149
0
7181
86
1
35
1346
251
3
63
16149
25
1134
2
2134
41
388
0
11734
10
6
2
5820
7
12
2132
1
96
776
2772
0
501
109
5066
0
1
1591
483
548
1
29
568
1
1
165
1
2
672
17
29
409
18
280
1419
214
134
14
1
12
1
0
1606
75
305
295
0
339
152
4
0
121
0
1
6
138
11
1
9
16
87
827
9
173
6
1
137
1
1372
1
1096
3
1
43
17
661
32
5886
108
1
61
1390
0
6
0
1143
0
720
1140
2
16
0
115
13
175
606
1
1
1696
4995
0
49
6
801
26
918
3
4578
5
1
12
232
0
2
1
2
38
1266
4
1
2
13894
4088
15
2087
661
33
198
2
0
3
3197
26
1
16
0
448
195
308
1
3
1
14585
1856
55
0
9164
4
12817
0
0
1
953
4884
5833
22
221
4640
3665
2070
662
8304
56
12877
125
1
286
2
202
2
8492
301
1
1417
285
27
0
8584
713
5784
1
330
14
1
783
8338
457
637
22
2871
5040
0
13089
67
0
75
1726
34
1
265
48
21
53
36
5
924
5577
0
1719
64
0
1
12
6
2670
1
1
7
274
3
0
6372
952
3
11102
2
132
0
207
0
88
8840
11938
0
1
1
1450
4871
7
345
7622
116
238
0
10
153
76
745
0
600
493
4
60
25
8197
1
92
0
1966
14
3
1021
84
63
278
0
53
1
11613
26
5
28
12
9
5331
108
0
12
4493
3443
5
1187
0
130
1026
2085
1
3
1943
324
549
362
0
13
9392
42
121
5400
0
1117
19
678
3080
206
0
419
10
4120
0
533
24
1
1
17
3549
1
33
1176
10300
2354
10748
0
6
128
64
5843
1
1123
492
2
5235
8388
573
7
4741
7
1
898
16
1051
2
11
7016
2
65
1
0
82
458
3937
1021
11
0
4567
400
591
73
20
26
1
2
2894
5
0
1
8491
1
38
1
6831
1
309
4882
0
465
0
178
6
30
147
2
8
0
74
4716
9911
447
4936
1
1029
8402
0
4831
22
9134
1847
1824
39
3359
787
4
2
2947
4109
888
1
2
895
203
10
3566
155
5
1
0
3245
68
12370
1492
3812
16
34
14
18
0
2
16032
702
241
5838
373
84
2
2273
384
25
22
2
1
22
0
4468
18
11530
0
2
7038
74
1
5
1994
1689
961
1
1
47
324
0
20
43
844
128
598
1
4139
0
497
2462
31
31
0
2
0
8589
13866
180
5268
16
0
110
1761
1
48
1
357
12
158
51
180
25
0
491
907
10155
0
3290
2
2440
5
500
16364
1740
9
19
316
10057
1
7
7
3037
11245
1
1109
17
1
111
2961
58
30
0
1
15531
11
13073
81
0
38
7191
6280
0
2
5
0
9767
17
5985
0
6120
43
4
424
256
111
1857
8
3855
2
1072
8
106
0
8
2
1
4
1
957
0
401
0
0
399
62
5026
71
1
344
522
99
2
446
28
166
2484
412
580
7085
7
636
965
79
0
240
20
74
85
2
86
63
1
1
17
1060
1
1599
0
2
1231
1950
939
126
2661
4353
3497
0
34
4987
837
1
16300
186
0
8883
1
1829
752
618
165
7
16054
2184
943
12
1
9592
5887
1472
21
50
0
0
351
1
13955
36
2
1
2
2
1192
192
439
5
8928
15932
6252
1093
1899
174
2
1
244
2
105
10
3353
0
3
8285
2
28
1404
1751
0
0
2
360
0
0
10673
14
1127
70
23
1399
0
14
502
114
689
1145
90
4
7507
1
0
4882
51
4
1656
1
333
31
5725
142
111
17
1
3
1
431
8499
10
6379
0
1319
0
573
122
3
210
0
1267
5
5
20
639
2
8
17
32
0
1
282
3209
0
1
26
124
1
839
1
4
1692
28
9
547
750
0
3747
4842
19
3747
5
117
4109
5
0
90
1
1
66
11460
6
0
36
101
1
14751
15398
23
6
304
5
4339
25
64
2044
3828
0
1
693
1151
21
5
28
52
1
14062
5
2906
1
0
0
1
0
79
1
4116
17
1659
493
4
0
13
37
2011
30
3091
0
0
3
3623
450
21
205
0
5
104
10813
53
2
22
3643
122
1
1
69
3126
1166
26
14654
65
392
12
83
1
0
7706
191
1
4528
7865
53
0
8
1999
224
0
1
2
3
42
3364
0
507
222
21
9
132
0
30
1
21
68
9
5
1607
5
1
36
1779
2
111
1
15
677
499
1
608
8
84
68
0
1
825
3
4
24
693
8274
1
39
45
7
316
7146
5
1266
1742
1
101
576
0
60
1
0
9464
2
2
4
1961
6423
1
296
9825
6
4243
446
3
0
0
1
390
100
1
2641
69
20
1
9
5
12754
0
5
14335
651
224
257
13108
1172
75
1
509
2216
3
4430
806
5690
1280
5
7
5550
1
87
3
217
295
19
6
10550
5474
72
1
12764
58
24
28
1
324
14
3553
8
18
13664
767
1
14
0
0
7208
1338
3
1562
2
346
247
2897
1481
0
0
16
2
0
1075
1595
9
316
34
20
0
14
172
1
11
1768
5099
3892
6
1414
6
5
5496
169
0
2071
0
691
166
656
97
1923
21
1
2638
2
8343
1010
5055
151
217
2
150
2
188
2535
39
4
2
2
967
2266
1
1
12
1
8922
5731
3054
2
1
308
2131
3161
158
333
1
14874
633
3996
74
2530
1
0
3585
190
5388
87
8031
11078
4057
2720
8776
20
39
39
1
513
2495
2
5442
606
1729
0
12234
595
75
9
1
73
1
319
177
653
1
106
0
813
2857
2
18
8
1
9767
0
1
11604
47
11
2500
485
1
1
30
5
197
4
0
0
784
228
554
1087
125
0
19
1009
0
7281
3582
11
12190
1
13
473
423
2
151
1
0
2
5
36
44
39
147
800
3
5
1
24
1
1267
26
8116
2
3
5
3197
59
287
370
1
1
1486
297
7
0
6785
15
1456
0
174
328
6
6
9
11
8052
41
572
130
1359
0
839
5807
127
432
0
0
806
32
1
0
3
263
6
215
169
21
10
6
29
59
1
0
91
1
1
3
7619
733
0
0
636
0
132
6
1
10
12563
1713
1293
34
3100
5
12
10
416
9044
0
10
9592
1
10571
6046
4
1
855
80
1407
16
1
264
15626
1
1031
8
138
18
6893
18
0
19
13983
24
80
2
1
27
4091
1
298
1319
329
2139
126
9204
4
20
422
450
1478
561
4
0
67
0
44
0
213
245
1
77
261
75
25
2148
3255
0
103
6135
3
2047
6737
565
16
2756
23
45
6258
13347
18
7043
7521
46
0
2787
14
52
11288
38
11182
0
12135
1
749
643
0
16
2
17
14426
1
72
6787
7768
1
28
34
22
3
109
13209
0
3
13
493
105
195
1909
0
1
84
1
862
1
17
686
444
1446
9079
1949
4
231
440
5800
0
5041
78
4979
0
190
279
8
6019
12750
0
6317
94
1
0
13
5382
169
1
29
0
905
2317
0
3
50
371
3
0
1
626
1
4331
1
299
0
3549
1133
90
1
10752
11
41
1
8077
5
7857
11739
6026
1085
40
3518
2305
1
63
347
449
363
8
49
3218
77
1
18
319
45
526
554
60
414
221
13713
2039
9
6
1
1
11
1
1
0
1
6
26
0
3301
2667
32
37
0
3
1
8
5
163
3
3851
62
5176
4632
17
70
647
1
14
547
47
694
17
7167
572
35
0
12009
23
2044
1
8187
2
3
519
16
0
1
160
8081
5277
33
5
3806
158
0
1
9114
7
69
1
1002
1264
8
86
350
3
1
561
0
1
1016
1
148
0
1230
8176
1284
11481
5376
3
3828
627
596
27
48
34
20
1023
8
81
1
1
0
32
2968
1747
0
537
1894
6
0
0
22
36
1
0
23
29
643
16
276
31
1
22
36
0
1
36
922
1
198
3907
57
10
6
0
76
337
0
649
622
411
9
8
5
29
0
33
1702
0
5747
230
7
2
6
12
41
204
32
4541
31
6812
14
502
1
73
3747
1
0
66
0
1
235
0
51
6
0
2493
1
0
1
3
4489
3790
1705
2
10
4
72
17
31
0
2
1364
182
18
72
1
442
1154
410
1109
42
4
40
1
66
2
0
536
871
8
80
13
1
435
29
303
4
81
2406
15599
0
15050
31
7
31
3
0
1
1157
360
1905
133
7732
57
876
1703
2
10
10
87
293
115
1690
15
1
12
0
38
1301
1176
478
18
1
4
162
0
3291
0
31
0
0
770
3
0
2687
60
16
11
12536
283
1
15
5
190
43
9461
0
0
4
1
1
8
816
1
12207
3
639
2
2
15
6
2
773
4324
2050
0
86
2073
471
20
0
5953
2
5
8016
1
27
77
1
118
3
48
219
0
42
3
0
204
9763
304
734
46
11879
7
2
12076
1
67
1
2
37
9946
26
4059
115
2248
34
24
4
1
0
1
2249
362
2856
3349
32
10268
1
147
6503
16
3670
1
25
7
17
65
237
50
446
4
12
106
4715
96
619
1761
245
0
655
312
7
274
3805
3527
2133
305
239
484
49
0
2
13
287
14877
22
2
7
243
0
9
12602
2
62
26
170
101
329
1
9
0
111
5
5
0
7
0
4153
1
30
3196
5626
1
5328
0
2829
606
15
258
298
3161
0
9754
4866
5
0
5
2
3529
1074
9
1
24
1090
0
14
1
4
0
2
5730
1
13
1207
8
7516
234
0
983
906
8501
2
0
98
0
3
2
2
1
1
21
1
12517
9457
8994
0
1
7899
35
931
897
144
15
67
76
96
8802
362
4423
9938
5333
8234
22
18
412
1
4393
2
0
38
0
814
0
3
4863
127
0
25
156
1
30
37
1
0
0
16
440
92
1242
12
1
1561
159
3653
1521
303
3722
0
1536
1
10330
171
1
3
94
50
17
6158
1
1379
2
321
0
50
5664
377
176
1
26
1
705
324
918
473
579
0
2624
967
5
4
54
7
966
16
100
1983
584
19
2
0
115
1553
13
4
337
1276
1
90
3
8010
117
29
5
0
1
1
14
1
51
12
657
169
3
54
1926
5
10
76
805
0
22
44
2107
0
9
28
1490
27
28
0
1
3
11
1468
1
5
0
761
2
71
3552
2
13707
216
10
2174
1564
2
120
2
712
5
56
39
37
2420
26
202
2095
0
3
412
0
10779
2455
6
11
1
23
1640
123
20
2559
218
1
2
3708
2068
12
600
3
1
0
0
1171
1232
1
2057
419
234
1
1
3159
510
1
3650
3
26
374
1408
412
2466
10008
5781
119
38
166
50
1
3989
0
0
2
4341
791
1136
3226
12
588
32
2295
4835
161
28
682
233
1940
37
142
266
159
11372
1
3413
8435
59
84
2129
608
0
1140
93
32
2234
1672
8029
2
16
5
5
275
1
0
1
2308
28
135
3
2
37
3
5242
96
0
23
3148
0
742
119
6374
13
1683
5135
0
4785
194
0
0
90
28
62
3755
14
510
8230
4123
45
0
5
12936
10314
31
4771
1
243
2
83
2179
705
0
7
86
7269
210
77
609
3
475
7445
1
2464
0
232
732
10460
109
0
5082
3
11622
24
3
12
2
1
32
100
0
1
0
0
1918
1804
0
1
2912
0
25
2
0
12
160
7157
1
4713
20
683
1
0
0
4
430
924
38
2176
37
2000
8325
2
1
430
1
1779
5460
8
404
400
1105
1
2
5123
4935
46
18
434
23
4337
1686
1
2
1
4096
8211
17
17
0
178
1458
2346
3809
94
42
10
758
1651
0
73
110
938
19
1
4401
76
77
9244
468
467
12
1
5801
6
11484
0
15
921
596
0
1867
1
10
101
8
268
10342
1
956
9
328
708
6984
1875
2050
6
16
10431
34
1
0
8431
3341
7170
470
10306
16
5226
2014
368
73
282
965
0
9089
1
1393
53
1
66
4580
969
1
49
0
18
0
459
1028
0
4273
53
223
3697
4
9495
1
218
6
437
1092
97
5
1
6920
198
4
6862
137
0
71
21
8
82
14903
58
61
111
79
291
78
180
2530
148
1538
1
8667
236
23
33
0
1
243
0
2182
796
505
0
13852
0
1
397
5
1572
38
1
0
57
3997
4429
129
3
292
118
2
0
6866
11
275
3
8
296
0
152
0
26
0
88
7
10582
6378
0
14
866
1448
85
1
276
3678
482
0
10418
2849
120
0
317
5
7
2559
152
86
33
463
7997
54
25
5515
4
1
1
1104
4222
7900
6497
2
1
8733
472
100
2111
1
1
0
44
0
356
77
1
1
16
833
213
2
1101
1
12345
1
0
0
469
8
5567
1248
5850
0
60
4300
699
0
7
2189
6
0
291
6924
300
2903
1
105
1
34
1
27
1
2
14
1356
1521
4896
26
443
16
4384
0
4
10
3
0
5
15
1
238
10223
1
4230
470
1032
15
379
126
1
0
42
0
16
657
32
2
85
15136
1
1629
9115
1351
20
0
1
202
7
0
1825
42
501
138
127
1
1154
563
68
1647
6749
64
43
2693
1
9
0
85
1
7013
5465
3
1
7
25
10
3594
74
0
4576
491
326
9
40
12322
5063
0
0
0
48
3524
10
1
14
11
102
3
736
6
251
0
3
107
9
106
3742
0
9
1786
258
671
5
1
761
4389
10
6275
203
184
9
1
0
0
26
1
2422
274
57
10
2508
362
7346
2280
96
296
113
1516
41
10
699
1
1
92
1125
28
745
7
0
20
1777
5222
324
12
7
989
93
1
2
45
1849
8150
0
0
1019
28
7
151
460
72
1
475
7
22
2
13
1
0
12654
92
38
0
0
0
0
7304
800
313
4412
3
44
4
1118
1332
1661
125
0
21
1
691
4
1544
8
5242
28
2364
0
118
285
70
133
0
4834
584
0
8
1530
76
2
14
291
4
17
3225
3
745
508
2791
456
534
3316
18
287
3580
740
0
27
60
3
32
189
1
0
1852
1013
10809
5284
99
3
226
2
1
104
11218
782
8
1012
1
18
6
0
2
2
14032
7477
618
346
58
5568
160
1
7359
7
15
5
11
619
4125
53
1713
8434
10
21
277
3
1
632
56
23
16
23
4609
2
31
2545
3
0
60
3387
0
2525
1340
32
88
7
0
2211
51
8
70
1051
838
733
1696
4787
1
4847
1719
0
1369
1100
5
2367
1
4
12
15
639
2494
1160
5827
231
4
24
377
104
1340
3207
337
0
10869
53
5011
0
30
15550
125
6209
63
15
83
175
9
1
455
70
1036
129
36
4
108
51
5992
138
0
1497
32
404
4
122
474
200
1
429
20
14
60
16
2442
0
432
0
12
38
1
6872
85
4
12117
1080
7
0
1
5283
8056
0
0
4805
5660
507
12
1
1
1
1
412
2
0
4087
14920
6
7470
7814
117
850
14
0
0
114
0
175
5
0
0
0
2
517
220
1
86
758
828
23
1
3921
0
235
116
197
46
1
6496
0
811
44
0
0
0
635
1
1421
503
0
5
0
683
104
1
5823
2
676
5493
7581
65
17
74
3
769
17
14
0
359
1025
669
8403
2046
168
814
0
2
166
6032
7479
587
8799
140
814
227
11765
0
0
1
15
9
421
1
2994
269
210
71
0
3486
0
638
1356
0
14070
4433
23
1
553
1
2128
2
19
0
7187
8
2953
2
2
1
44
11
1
710
101
3051
3200
39
3
495
2674
8426
1
4386
24
0
26
25
25
226
187
6536
1191
574
3035
1
2381
212
10466
9
11
418
43
0
14
10748
0
202
1
18
4
383
331
53
3783
1
0
3
612
5
1
5746
1
7670
23
1499
2663
1
5
21
9
2968
6
1
2
0
236
1
4
3
30
0
1567
3213
7673
2471
5
1352
3
1
344
9852
5833
4229
1366
18
1478
12498
1
64
15
996
1
147
13
138
99
3170
151
11666
15
156
5
11121
4472
112
9
46
1508
0
21
1
1
0
3
1355
5
1463
3085
133
12
1
8792
1
4740
8
1085
1
5
0
25
3
313
4
2419
335
1
43
65
432
2728
84
0
0
4569
778
4923
415
3
41
455
5
87
868
20
89
29
1
0
4900
2599
788
1
10
5
16
0
10026
897
7
47
1
4
15
302
23
1
1922
15
3
33
2
0
13
423
200
37
732
1
80
367
745
19
4
1313
363
271
9477
0
1316
12
0
3
96
362
1323
564
16
88
5
1002
33
6
9058
1
156
10
5
1
0
34
1
2
0
356
329
592
15
1
14852
43
426
35
0
0
18
20
4703
1719
481
2004
212
16
107
63
1
15605
592
160
8771
644
1413
5260
34
8323
43
8356
210
1291
0
45
412
1649
4
1
8
33
40
0
1
1
1029
1
1227
814
0
30
0
484
5503
9
445
1
127
9
14
3002
23
2605
55
25
1268
2268
6517
7
3087
1
1
1547
158
1
13765
6204
0
3064
624
1
6394
0
64
42
229
1
13
56
748
2
74
1
2
21
12
1308
7024
360
1
18
56
38
1010
5896
2
175
0
23
1
173
15
176
5586
1
1374
1711
8
1
2
0
2
2
3
18
16
966
1
191
11979
9682
14
59
395
1833
5
0
1
0
345
1246
3
4600
0
826
10928
279
107
7470
1472
712
919
39
13
1687
0
366
15
1
1
6567
256
0
358
1
3
138
2002
2
6
7
2089
6
13
366
11
46
1039
6763
1
517
1
1
13
11
6
1
3846
304
54
258
3580
56
3652
1
515
0
0
1
1100
1352
0
958
241
7128
11005
5
20
1
22
5247
4
1040
1607
2002
1751
3
2
37
10625
3868
3
1
251
9539
221
8351
820
1
15
127
13377
1
6
1
10473
1387
7
475
7141
0
6
1191
11178
0
46
1078
2167
2201
37
246
151
188
8312
1
12471
2924
148
0
8218
1
9151
161
2017
1630
5276
2
2001
0
4
373
9
777
0
0
29
433
885
108
510
6953
0
1
6046
10775
265
36
13105
4
466
1192
1173
60
1
2096
732
108
11
21
857
0
1074
174
635
757
12
112
2
0
193
310
5
2
5
55
5
1688
8
1
762
105
276
34
4088
5973
125
1
1
0
538
0
0
9
118
7
3729
95
570
12
15598
55
0
3390
454
101
1
4625
17
492
399
4
2
4
1
1
1
6049
27
2765
1178
0
5489
0
10409
95
1
0
4
176
1
11173
1539
4048
4
72
13
578
3
3
1247
773
296
697
23
199
5
10
0
21
4875
6
0
5390
2614
4874
3250
99
20
5
0
6
0
26
5635
0
73
424
0
1
1
3
8
41
10581
8451
15
3445
19
114
41
3
69
16
482
9
1044
12
0
672
1233
19
10411
16226
567
65
1
0
775
8934
101
3
437
857
3
180
28
224
2849
4
1
48
11
0
1
32
1494
540
1
5
8873
1536
0
18
1
0
8210
13299
0
3
551
50
2093
11776
15
7847
1675
1573
6782
381
5418
3
113
1
1
11611
851
1345
501
7964
12
5679
77
6
12
48
12834
1757
13485
3061
819
13
1
89
276
93
1
14
22
6
11
261
3954
146
3
227
22
131
71
8373
5
2
10
903
10
10854
469
93
5
1639
70
1378
40
6767
16
1
2
182
513
49
0
1257
11
1604
91
0
68
0
2
2673
0
33
356
47
8
734
1
39
94
87
720
622
352
15
2009
1
59
6
12
5513
1
621
11
392
3341
51
16
3901
287
4992
1106
4
11
5
66
2557
264
6671
4
4
192
22
856
187
8
1784
2506
0
79
583
100
4787
2
111
192
0
9
1
8
3995
1
0
2
14664
794
3047
35
8621
2
52
2
4619
2069
14994
8
6874
62
0
98
0
1
12
3
302
246
0
0
5211
1
5013
19
4452
9
34
2689
7850
1371
280
1
1
230
4
13285
0
6121
7
3630
1473
1707
627
1
6116
1
0
19
991
7
1
1
2661
7
0
4415
0
11559
6
125
1
4990
38
39
1445
55
223
8
2
1089
0
158
16245
13206
16
167
29
89
1060
515
105
65
138
1
10
50
2282
38
3175
377
7
44
30
136
20
2551
4445
59
1538
15535
173
11711
6
62
22
3497
70
1365
39
0
8351
4
5
312
14
1128
13
24
29
2757
21
90
5509
1
7
60
1
18
20
5123
361
1563
983
19
32
4860
11941
0
4355
3
17
1
330
7
471
498
12
11
57
128
0
4
11495
1
106
67
1
2762
8
13
2060
23
16164
100
4710
6020
53
0
0
8251
98
111
61
552
4
5071
4
900
0
13
27
1
0
588
1424
1316
3919
11104
1
1
3461
8
5544
5400
12890
0
5
7585
11
485
700
0
53
2737
6
15
769
379
16
1053
0
1
0
8
0
308
0
61
127
652
7179
655
248
129
4
1
7
2
771
23
689
2124
3178
0
223
12
69
1045
860
0
864
646
4343
840
2
0
1
2067
36
0
0
9
22
0
1
0
14202
73
386
0
15
106
867
12735
153
14
59
2
0
1677
1825
7404
197
2043
34
2396
8522
4799
8802
78
80
18
2573
7156
10
12
29
6
684
6499
113
0
628
1452
18
11721
139
37
51
1941
178
934
2
9
3533
1
0
0
67
1
74
300
929
838
0
0
7541
9007
610
22
2
6
437
6
647
542
959
1
3
352
127
570
37
2394
1042
1
10
130
120
1
0
1569
1068
60
73
296
691
59
0
5
150
9
32
523
465
7
3
1
299
3
7
8578
103
1
369
51
12
3859
1
82
74
108
7358
10693
1
4
1049
3989
741
5378
3
286
2
62
95
450
4
1
941
22
73
3
6355
1025
0
1
14
73
281
361
95
374
1411
1
7
36
1
16
15
3
214
7060
1
1603
43
1
3114
31
4917
118
3777
1
192
8
1
1
1197
416
4350
388
3
3
0
6
10389
3305
253
1
903
3
49
3
32
88
12
231
9
7
2348
11
348
705
484
0
1
5473
87
1284
125
1
83
0
1
21
14450
3
15
418
0
9559
0
1
9
175
8
991
25
934
10
1
331
3969
4820
1300
905
536
1
1
1
41
3707
4919
17
269
61
374
0
13294
6143
2730
1
615
1505
32
1
208
15
32
694
6553
5
4
0
2
5751
1
245
1
4940
3
132
14
2204
0
7619
1
0
0
614
3735
2
1
11
7229
1259
9185
26
312
907
816
7
204
866
0
81
4
21
144
46
711
63
885
674
794
1655
87
3
57
53
223
2
5956
0
8
9
87
59
53
136
1
1
4
44
3
0
428
3
5
1
81
10939
1029
833
478
1985
10
378
1
38
21
29
9
20
43
2016
510
540
3630
18
635
374
616
202
3
23
525
1
1096
9518
794
0
12
1
6070
1842
0
914
310
16
12
214
28
5094
12
8647
68
12671
2584
1
2
268
1
9
0
45
6
0
14
239
76
13
0
2613
3648
0
25
0
3369
53
13
21
29
483
104
196
193
6
2252
8
575
4023
109
1
170
56
2
1264
12947
2730
321
9751
9006
4
27
1
756
1118
14367
0
7
2075
3846
8
35
1
4
35
5
52
1219
587
64
251
63
386
6
66
3
5140
5
1804
1546
530
169
154
1844
459
0
4
18
231
0
427
1
22
52
6021
1168
46
4
0
0
7
0
2174
2045
21
12313
58
6521
55
1035
70
2
2397
58
1
24
8
0
18
106
1138
9
8214
0
10
256
0
5
15199
496
278
5539
1
27
15
0
2
203
1
28
1882
39
1
88
16
584
45
1292
5
5877
3357
1
5454
4720
3768
49
4284
4
96
606
8
9
35
34
5
3268
1
44
57
132
4
1
1
1087
4333
11
8617
2223
1597
26
3708
8844
31
1
1
5
2978
956
316
1
3
6
580
554
124
13
1
1
4
200
2691
1
273
131
531
2249
2306
17
21
3
2
1683
56
5
481
6079
43
2567
5596
4
6873
7695
277
518
303
30
1
538
697
1
1850
205
2
2110
623
116
4677
7462
859
3
2273
91
22
0
32
40
17
17
14313
331
55
1
152
6479
76
15965
260
168
0
0
4
2
6557
30
602
155
4868
2
317
331
2
2
9
1
0
1296
411
35
854
85
1724
211
0
5061
5421
6087
800
0
2
7
0
0
3
4508
3
15567
9
76
4
4337
1
224
16
1
3
22
1321
0
6
67
1
3858
4697
19
1944
6578
314
2
6
42
52
2
661
953
1333
178
5
2115
0
10
0
261
1
7
11
468
2
44
2996
0
34
0
0
557
1
12
17
27
12126
3
6736
6
700
20
31
4760
4
1
63
3769
9
1148
3166
1
1309
43
0
353
86
88
980
5
43
0
2289
111
0
60
487
0
252
757
428
0
340
2362
10875
1842
6
57
212
5593
10
3
3718
5229
5754
7
2263
9260
40
14
19
501
262
11784
15342
118
1
4
32
14708
6901
3
1
1
0
370
1201
3089
46
3
488
3776
52
0
182
4938
117
252
38
16
3483
611
5453
3
4
0
0
0
52
105
2
1
0
2375
1
47
28
4164
252
1
145
1
11
4426
4
0
28
97
31
84
14030
0
1291
1
8
65
6
593
44
11784
162
11
0
2
2
3
12517
390
65
618
51
129
9027
1234
1150
5
1
84
1
0
14
0
1518
338
1
0
7
32
1
4125
13
1387
1
1475
4
4
7367
2069
0
0
200
35
2
255
3851
6
626
4
13
276
1987
2
4
903
153
0
262
0
456
9
5
6
1851
4631
11805
226
29
1
7
1250
0
1
2017
1
1747
1
11
981
74
122
50
0
14278
75
1
16
996
2
1122
23
587
734
2116
101
233
309
36
3
1
12103
165
0
1038
1
1
409
10
0
3787
188
1
189
11
2
0
521
2192
38
26
2375
2209
601
231
0
2700
0
82
0
10972
4
508
1
5
1450
10
11554
60
8
258
8901
30
1453
1728
9600
3738
121
4
54
8
82
0
0
0
139
496
7679
1
47
1
612
0
5
32
1
12818
3
207
102
12
17
10
61
1395
40
1
1
78
0
0
1
15
9464
37
12818
3
0
22
73
23
615
215
2462
2336
33
4
85
124
22
1340
424
191
7230
8069
8525
704
9
10378
126
9
205
372
672
17
0
3522
11
452
176
39
2697
11
31
4511
3
0
2
1028
4276
0
335
776
1641
13149
4
1
575
407
1483
800
1
20
244
6748
70
19
45
12828
1918
0
13701
303
18
0
152
3378
97
3495
4973
12311
127
0
788
6
7347
68
5
2
5
34
23
283
126
735
94
44
0
2720
320
16319
393
0
0
193
2
0
829
1
1
1
4
362
336
42
46
2
0
2164
8060
186
315
0
232
1
11242
866
165
1
61
10215
3659
1
1916
12092
3
289
540
47
3675
137
659
1
1
13971
2315
10
1937
0
1
0
750
15
26
5465
18
587
327
1
2
2
2182
4
46
1450
104
649
0
0
19
5397
197
2
5
13376
3240
1148
534
107
41
922
3
59
57
117
5178
2363
2
1
1
145
0
4630
6
82
4
5173
4
1289
15
2
1
1
404
53
1872
361
1733
5
10038
107
1
5
15568
9
0
141
650
1282
1
60
1399
0
7450
2
10780
1530
19
97
4
4
42
9892
422
61
13097
222
30
40
7894
174
9245
35
3
0
57
49
4
3046
6
1
2
11
110
1659
16259
7
15235
13956
3
276
2
3
0
671
3717
5144
8994
8467
1
1
0
5
0
1636
1
1123
320
57
429
418
2
8799
196
9
1
4172
32
142
12
207
13783
3
3511
11771
1
5
19
0
13
0
3
0
1777
4607
118
259
0
6064
54
7
2305
0
14225
1
5
288
2
568
0
33
12560
3734
12910
2142
30
6
149
0
916
0
127
3
0
3
11639
433
2
44
1
4
409
34
6
497
6787
37
12136
2
33
824
64
6
14071
10128
6222
29
3
11
1262
356
1
54
0
14
147
135
13222
0
87
59
1180
351
3
1
0
47
93
1
446
13
1
14663
1853
813
926
3464
2085
6
10460
1
1650
3
6
1
215
48
5
30
185
71
18
94
14
79
259
398
659
161
5504
785
0
1875
4
925
19
2873
2867
1
438
2
10349
3
2211
5628
2219
350
203
0
0
1324
42
9051
489
22
12491
1
212
571
8554
0
49
301
9
0
5
8043
66
1
3134
139
1
1
288
9792
0
11
70
2
9717
2
692
553
4
501
5
0
2
1
1090
161
1
6
0
0
0
331
7637
5877
4777
372
1
1
37
3670
409
10597
166
110
1703
40
16
18
299
1895
1
3282
1950
2882
279
13922
7448
1596
9158
5
16019
174
1
2
15220
1496
0
1428
1
90
1
322
0
1196
18
0
15
16126
0
4225
1
16
1090
35
4155
11109
0
1
4761
6
1
0
2091
1
1
643
10
0
8
3
50
3932
6
2
13
617
581
18
14
0
598
783
1
0
142
932
1
1767
380
3153
5
1
4
7019
4000
67
99
24
76
34
405
2176
28
33
194
77
372
37
34
1
1
5177
0
0
805
4276
0
11
1516
5
1921
6
413
36
2017
1909
13
44
1
0
10
227
0
4
2862
12
100
1536
127
13
1057
8
0
38
3198
1
16332
602
1594
1032
5769
110
9373
3
1465
384
0
35
672
1
8807
566
1
32
871
6283
3124
571
3754
71
1
0
3091
0
3
79
0
1
11816
2
174
8
2
6
17
0
15065
10
0
0
5050
1
8282
2016
1
2
1
0
0
1898
16
894
1387
29
3
41
10
0
256
1856
1
1
371
9281
70
127
148
1053
0
1
102
5122
21
40
0
1
6146
0
12
12035
2
1
10954
1
0
913
45
0
17
6
416
17
1521
1
88
0
7216
1
892
966
599
16
8
0
1
406
6
57
4116
37
8883
1
1
5949
6245
12
7
1
1770
29
62
3
12618
1526
241
536
3
7
44
468
5
236
0
84
23
6
3495
41
1
912
4
828
53
72
1
5716
96
115
330
1413
776
4024
1156
17
7149
12813
2
18
6
467
161
2141
95
238
86
471
1
188
23
3
930
17
13302
35
1407
14
206
96
1
516
4
2
40
0
8
732
9777
75
1062
249
253
0
10233
130
1
4424
16
3094
2
1083
5664
2003
1
82
36
2751
0
2
23
0
1
1
2
79
0
522
8
2468
2
24
271
0
61
54
5
2361
0
680
6
12074
1898
2
24
4
6
8
0
3
3069
0
1
221
145
11
3100
0
73
9579
6154
137
5414
0
9
1051
270
5748
35
22
1059
43
3
0
5994
17
119
3
3221
5082
171
73
9047
2505
0
1050
1730
247
2
5
966
17
1
10782
488
4
1
13
4193
2
22
8308
6
64
17
1265
0
27
1906
1
49
434
18
18
1
4
5
1
364
1664
768
1
6
0
0
908
4715
1
2
192
4
1
587
4192
0
541
7
89
1
7609
46
191
1616
2
35
4779
5002
0
2047
0
535
1
0
0
0
55
305
1
1064
0
10
2016
990
23
201
86
1
0
16
869
0
0
379
0
4
75
9202
562
0
621
5739
9718
3375
104
9710
1
48
80
6678
1
20
0
1
0
0
40
3554
3
0
6446
11
18
5
3
325
488
8
530
3
45
11
3331
14009
0
6
1
8660
1
5
0
1029
33
10458
38
0
1
92
4907
0
32
9
3
0
10
83
1
13
14
208
2
0
6
0
45
1
383
947
12789
5882
5
9
159
0
6
5
3
250
4
2190
1
10847
8148
184
83
25
61
0
10
13
2156
7
52
1351
4543
11
13
41
10995
465
356
8501
78
543
4772
240
2
0
171
249
1
224
1222
40
0
1528
115
117
1398
2
1
644
8481
8013
0
356
0
29
17
12
1
20
1
103
0
138
4
10
0
10420
5
30
470
47
87
132
1
7
1
1
1
0
26
37
9
1682
0
457
745
1
3
501
3521
3921
544
64
1
7987
0
0
0
0
3661
9
1
13
83
16255
206
1
202
3503
0
1865
1
0
1
1
7
0
1423
17
11
2530
338
1
1577
7510
3
1
122
208
34
1127
10
0
45
30
1
695
778
368
0
3
180
0
10
652
62
13942
1179
1
1466
553
0
121
1
2353
2
0
1
6
59
8498
2545
22
1740
0
0
100
20
1
874
5926
36
34
31
1
868
43
