0
0
0
1
3
0
0
13
19
9
1
402
1064
30
26
0
215
0
1
1
621
20
952
17
328
0
686
30
0
344
1772
1
738
255
0
1
0
4
90
92
187
0
52
1
49
223
0
14
16
2
113
3
623
4
19
7
23
81
1
400
542
220
0
1489
2
0
1
0
88
328
10
30
17
36
163
596
33
1460
2
5
1
0
495
331
1329
816
1
97
1
0
0
0
36
4
0
10
257
8
1
499
19
147
1
252
11
0
8
147
1480
194
10
580
1
464
0
1161
83
297
1
46
848
231
3
1200
676
8
1
7
12
0
45
275
0
19
774
2
1181
4
1051
874
2
21
113
1551
217
185
0
502
1
0
6
1
4
6
1
4
2
0
1
0
0
19
14
661
230
0
1
24
3
9
36
35
0
357
5
35
0
727
1
0
0
1
1908
93
333
63
2
161
373
137
73
3
46
6
343
230
1
0
41
17
56
0
1
9
63
169
6
49
49
504
0
2
0
0
1286
1874
0
43
1104
27
24
8
9
2
0
0
0
0
32
904
6
70
3
36
5
0
1
0
8
1006
962
44
538
0
97
458
1
0
0
5
562
0
990
689
76
71
0
0
0
19
268
70
24
292
145
1
1
1
12
11
0
15
524
0
366
1455
0
1042
0
0
0
1
8
67
1
13
67
21
3
5
138
142
2
0
869
166
1
69
4
0
479
0
0
7
12
15
1699
44
885
183
127
1553
0
1
0
0
1
0
194
1132
1
38
1
41
0
1
6
1248
3
0
1588
205
542
5
574
0
0
7
1771
29
32
11
10
203
2
6
0
1
109
0
733
151
2
1
375
8
37
1653
15
766
142
1
9
1
1402
0
1157
798
0
18
0
284
580
0
647
0
0
11
64
1087
0
31
16
74
731
158
100
325
1
208
218
23
12
6
0
19
16
185
1
0
209
0
1468
0
0
756
174
0
35
1
674
5
0
1018
9
590
0
13
31
496
0
955
0
6
0
0
20
31
0
0
15
142
14
3
0
3
910
16
541
983
0
1
1
131
0
238
1
7
38
17
218
137
307
166
16
355
0
32
541
25
392
1
123
0
0
1
84
2
7
1
1
1
0
6
363
1
1
0
0
3
204
6
97
19
2
1
4
173
149
152
1
26
96
589
27
3
21
1426
979
187
98
2
3
120
77
5
0
6
81
0
0
49
0
0
0
4
5
1
19
275
5
145
108
57
1
154
1
0
0
1
1
20
2
792
8
0
1
21
63
447
1533
3
4
126
0
1
1
1467
427
99
99
323
19
35
95
10
200
1
2
0
1
11
1
1206
2
1
1
608
552
12
0
227
0
0
0
1
1
310
0
1
643
0
79
53
276
3
56
1
0
318
5
8
193
255
12
130
4
0
6
789
46
414
196
44
539
5
1
35
0
13
460
116
0
104
0
7
153
1
2
2
0
44
33
0
12
1
1
73
1983
0
0
0
1082
0
125
26
6
1830
10
111
98
21
32
23
41
4
767
1
6
30
1
406
1
1
14
0
0
1
49
115
1
306
1
5
322
1
8
102
0
23
16
891
8
553
411
79
598
901
1
0
87
1
753
2
0
34
0
104
2
311
638
171
33
571
462
65
0
52
308
1049
8
0
1181
487
1
445
94
25
1718
3
188
0
6
503
0
1
21
54
230
54
270
0
692
229
518
12
230
1
1
0
1
12
2
5
37
6
571
0
0
206
7
13
21
1374
9
1446
4
10
0
2
576
1216
114
1
0
542
106
1
505
0
0
934
2
0
1
2019
1
478
7
9
123
15
2
3
0
390
3
626
1
45
209
0
0
4
71
0
7
8
0
586
79
2
0
1026
1147
6
0
110
1
1
57
24
36
177
0
1353
145
0
1522
0
0
8
4
124
1125
1
1174
1
0
4
1212
128
10
2
382
36
711
115
947
712
56
3
0
275
53
9
181
1
52
20
291
109
1
0
33
26
789
1788
8
5
0
12
24
0
11
149
1
3
1422
0
1
1
91
0
180
0
1559
2
120
17
765
919
1
109
393
178
1912
398
241
80
79
1
1
34
4
1
2035
41
194
1895
49
0
0
576
27
28
0
26
347
35
158
1
935
11
1
1
156
388
1607
0
0
147
22
976
0
1
1020
2
148
2042
1
13
1
17
2016
496
2
6
39
2
9
11
578
25
58
0
11
0
10
0
143
553
0
209
1
3
1430
0
1
1
626
0
779
2
313
139
12
1
12
15
1356
61
0
46
7
0
0
8
825
32
3
1
2
738
0
464
0
142
0
1
0
3
27
83
2
18
359
272
453
18
28
5
229
924
80
0
401
5
0
0
137
1
63
0
1577
0
0
24
80
0
17
0
2016
0
1249
41
25
1014
0
2
0
1
610
83
90
1
299
27
33
42
21
838
772
31
393
0
9
1
31
0
0
0
212
32
488
297
109
37
2
3
176
414
0
10
2
5
0
107
7
458
0
3
929
19
1889
18
548
199
15
0
11
0
0
0
27
16
13
36
1
702
0
927
148
0
741
110
16
401
709
0
24
145
22
367
13
11
0
2
115
5
3
293
18
1
0
1
21
184
184
261
146
2
3
1
689
12
3
7
521
9
8
0
979
0
732
1159
28
1033
1069
1
91
10
25
585
215
1
0
0
0
8
17
63
2
1
1229
0
0
9
135
2
1666
1
1
209
91
821
40
9
17
7
0
643
0
83
51
0
56
0
4
462
699
1
1
0
31
489
4
1199
102
374
106
888
0
59
3
18
1528
893
8
8
3
0
1
17
1
9
1
9
0
198
2
0
114
648
15
664
4
2
1
49
0
1
5
0
12
4
1
1
5
565
16
832
1
58
639
898
2
80
30
369
67
90
416
94
0
0
0
1272
1
11
0
52
21
193
159
38
74
10
712
0
109
10
345
75
672
1801
18
1
0
1628
62
1
1
196
1
361
0
524
25
1
132
1
36
0
1823
572
0
6
460
208
1019
2
1761
0
2
3
0
84
102
25
2
12
4
297
67
1
12
87
4
1
34
0
604
0
121
52
6
344
1263
0
1
61
0
0
4
0
13
852
2
572
0
0
0
1918
99
1
0
0
0
0
111
8
51
0
164
4
0
532
1897
0
5
568
326
17
0
2
0
142
3
545
1
1
314
27
2
16
49
8
55
1093
4
12
1
1
1
1
644
0
0
0
787
1
857
1129
7
0
0
1051
18
31
0
2
973
0
3
382
59
4
1
285
44
310
380
31
1
906
0
123
265
0
5
1
0
0
0
7
25
1
4
1390
1
477
51
160
7
7
9
197
0
87
443
6
3
2
22
32
1
939
0
39
25
17
692
119
2
2
301
485
1
261
1
0
1
1
1320
2
342
1604
7
119
22
1
39
0
327
0
12
1
88
1
2
0
1
1
4
2
35
64
0
2
10
47
1018
0
1
890
1
0
368
2
768
80
1
1826
74
31
9
365
1519
105
128
2
10
26
165
364
30
8
1
731
0
1
1036
1560
245
176
660
21
0
7
0
0
71
9
1
98
114
956
16
1948
1
7
54
3
1590
1411
1656
0
204
2
1717
1506
29
8
0
1
0
222
1908
13
20
4
38
5
622
6
796
1
676
1
160
104
1266
17
18
1
7
0
690
418
1831
16
1
1
0
49
1
0
29
47
415
0
46
1
0
44
174
1
4
15
1
0
5
1099
0
1927
1828
745
835
374
298
0
496
511
16
0
472
2
620
1198
1
1374
8
1
14
0
202
0
1
858
169
1
0
1
342
1631
31
42
344
624
383
4
1
5
124
2
28
1
0
1
0
1
0
1058
85
390
1
412
1
488
0
79
9
9
1
28
0
6
5
67
1
15
508
16
16
208
63
462
0
0
355
0
179
1
0
246
1732
1
138
0
7
1760
16
0
7
2
797
1950
960
30
20
36
20
436
1
127
6
1
141
4
107
4
1240
554
2
0
312
9
15
365
448
1561
1
1
1070
1169
597
48
111
11
1
23
0
137
52
116
1
3
1025
36
0
133
1
95
51
2
458
5
1
37
170
1589
49
0
0
10
114
1
13
1
246
27
0
62
1
46
36
1054
6
251
0
323
4
39
40
104
47
1
1111
24
1
6
27
179
19
0
48
4
169
0
8
1924
2
1
309
10
239
42
1
11
28
12
1
78
234
109
3
599
1499
74
0
1
1082
0
246
0
1
797
1315
0
0
66
195
1
6
0
0
1
76
0
9
272
674
0
298
27
42
98
9
3
325
78
306
5
23
199
0
237
2
101
1471
0
47
1712
8
6
1
4
288
0
1251
30
48
1
437
10
442
2
28
5
75
331
243
107
8
1
7
21
22
1
23
3
34
0
352
1422
0
181
26
2
531
8
249
2
954
1569
349
111
228
2
2
709
55
360
31
668
17
1
106
80
5
75
158
25
7
1516
357
0
723
101
204
0
1
45
1837
486
128
17
780
0
221
25
324
105
1
0
0
27
97
79
374
114
34
574
1
0
4
108
6
0
973
0
124
597
8
1781
9
1
1
0
1
0
244
1876
0
1317
521
1
130
0
31
144
2
1
2
0
83
3
21
1
1
578
0
1135
1
99
1
125
67
1172
8
7
129
4
1
760
55
219
0
1
0
4
1071
0
243
8
32
744
0
0
3
2
0
96
0
8
0
10
37
0
699
8
1990
0
408
20
0
12
0
3
111
49
40
71
216
0
794
165
81
1
52
383
0
10
0
760
1
1
0
1478
0
0
105
1
0
1
1
0
1024
7
10
15
102
956
0
671
293
763
