0
0
0
1
8
0
0
33
51
23
1
1386
4007
81
71
0
699
0
2
4
2226
54
3551
45
1110
1
2483
83
0
1169
6996
1
2690
842
1
2
0
10
270
277
599
0
150
1
139
728
1
37
42
4
346
8
2234
9
50
17
61
240
0
1378
1918
715
0
5785
6
0
2
0
263
1107
25
82
44
99
516
2127
90
5663
6
11
1
1
1739
1119
5110
3001
1
293
1
0
0
1
99
9
0
26
849
20
3
1752
51
461
2
833
27
1
21
462
5746
626
26
2067
1
1621
0
4410
246
993
1
129
3130
756
8
4572
2444
21
0
16
30
0
126
915
1
50
2831
4
4493
11
3956
3234
6
55
348
6050
706
594
0
1763
1
0
15
3
9
15
1
10
4
0
2
0
1
50
36
2385
751
0
1
65
6
23
101
97
0
1215
13
98
1
2644
1
1
1
0
7586
278
1126
182
5
509
1275
427
216
8
128
15
1165
752
3
0
116
44
159
1
3
22
183
539
14
140
140
1772
1
4
0
0
4929
7438
1
120
4175
74
64
19
22
4
1
1
0
1
87
3354
15
207
7
99
11
0
3
0
20
3770
3590
122
1902
0
294
1596
1
0
0
11
1996
0
3705
2493
225
209
0
0
0
51
890
207
63
976
453
2
2
1
31
26
1
40
1848
0
1250
5640
0
3919
0
0
1
3
21
196
0
33
197
56
7
11
431
443
4
1
3214
528
2
201
8
0
1677
0
0
17
30
39
6683
124
3278
584
394
6058
0
2
0
0
0
1
624
4291
1
106
1
114
0
2
14
4773
7
0
6205
664
1919
13
2043
0
1
16
6991
78
88
27
25
656
4
15
0
1
333
1
2667
474
4
1
1284
20
103
6483
39
2799
444
2
23
2
5419
0
4391
2929
0
48
0
946
2065
0
2329
0
1
28
186
4102
0
83
41
219
2662
499
303
1097
2
673
711
61
31
14
0
51
41
592
1
0
676
1
5698
0
1
2758
553
1
98
2
2435
12
0
3821
22
2107
1
34
84
1743
1
3561
0
13
0
1
53
85
1
0
38
444
36
6
0
8
3381
40
1915
3676
0
3
2
406
1
780
2
18
105
45
710
429
1032
526
41
1207
0
88
1915
67
1348
1
379
0
0
3
250
4
18
3
1
1
1
15
1237
2
1
0
1
7
661
16
294
51
5
1
9
549
469
479
0
71
291
2099
73
6
57
5520
3662
599
295
6
8
370
227
12
0
13
239
1
0
139
0
1
1
9
12
3
50
913
12
455
330
163
1
487
0
0
1
0
0
52
4
2904
20
0
1
56
183
1554
5971
6
8
390
0
1
2
5692
1480
298
301
1091
50
95
286
24
646
3
5
0
1
28
2
4595
5
2
0
2177
1957
30
1
743
1
1
1
0
2
1042
1
2
2312
1
233
152
917
6
160
2
0
1070
13
19
623
840
31
403
11
0
15
2893
131
1429
633
123
1908
13
2
97
1
34
1603
355
1
315
0
17
481
3
6
4
1
125
92
0
30
0
3
214
7911
0
0
0
4083
0
388
71
14
7245
24
339
296
56
88
61
116
9
2803
2
14
83
3
1398
2
2
35
0
1
1
139
353
2
1028
1
13
1087
0
20
308
0
61
42
3303
19
1960
1417
235
2138
3345
0
0
259
1
2748
4
0
94
1
316
4
1048
2292
545
89
2030
1611
191
0
149
1036
3945
20
1
4493
1705
1
1549
283
68
6764
7
603
1
16
1769
0
2
54
155
751
155
895
1
2506
748
1825
30
753
3
3
1
4
29
4
13
103
15
2031
0
0
666
18
34
55
5298
23
5603
10
25
0
5
2051
4639
350
2
1
1918
324
0
1778
1
0
3476
4
1
3
8069
2
1672
17
24
381
38
4
6
0
1338
8
2248
3
126
679
1
1
9
209
1
17
19
0
2091
236
4
1
3852
4350
14
1
337
3
3
165
65
100
565
0
5212
456
0
5926
1
0
19
10
383
4262
3
4463
1
0
11
4621
396
25
6
1310
98
2582
353
3530
2586
162
7
0
914
152
23
580
3
147
52
972
332
2
1
90
71
2892
7064
19
12
0
30
63
0
29
468
2
7
5500
0
0
0
272
1
576
0
6082
5
368
45
2796
3416
1
333
1352
568
7603
1369
792
239
233
2
1
95
10
1
8137
113
624
7527
138
0
0
2052
72
76
1
71
1178
97
499
3
3482
28
0
0
492
1333
6286
0
0
461
58
3648
0
2
3827
4
464
8168
2
32
1
43
8055
1742
4
16
110
5
24
27
2057
68
169
0
27
1
24
0
448
1963
1
678
3
7
5535
0
2
2
2248
0
2850
5
1053
435
30
2
30
40
5225
177
0
130
18
1
0
18
3035
87
7
2
4
2688
0
1621
0
443
0
0
0
8
73
249
4
46
1224
904
1577
48
75
13
748
3434
236
0
1382
12
0
1
427
2
184
0
6162
0
0
63
238
1
44
1
8054
0
4774
114
66
3805
0
5
0
2
2183
247
269
2
1000
74
91
117
55
3087
2825
85
1350
0
23
3
83
1
0
1
686
88
1713
996
334
103
4
7
560
1429
0
24
4
12
1
328
18
1596
0
7
3457
50
7501
48
1944
641
40
1
27
0
0
0
72
42
34
100
1
2547
0
3450
464
0
2702
335
42
1381
2575
1
63
453
59
1254
33
28
0
4
354
11
7
981
47
2
1
1
55
590
590
862
458
5
6
2
2493
32
6
17
1838
24
20
1
3660
1
2665
4402
76
3881
4029
1
272
24
66
2086
699
3
0
0
0
20
44
184
4
2
4690
0
1
21
420
5
6542
1
1
677
274
3021
112
21
45
16
0
2314
1
247
146
0
160
0
9
1611
2532
0
2
0
85
1713
10
4567
311
1280
323
3288
0
171
7
47
5953
3309
21
21
6
0
2
45
2
23
1
22
1
640
4
0
350
2331
40
2395
10
5
1
140
0
3
13
0
31
11
4
2
13
2008
42
3064
3
167
2295
3331
5
238
82
1262
196
270
1436
284
0
0
0
4870
2
28
1
149
56
621
504
105
219
25
2585
0
334
24
1173
222
2427
7122
47
2
0
6379
180
0
0
631
1
1230
1
1851
66
1
411
1
101
1
7218
2034
1
15
1602
675
3824
4
6948
0
4
8
1
250
308
67
6
31
11
996
195
1
31
260
10
2
94
1
2159
0
373
149
15
1169
4834
0
1
177
1
0
9
0
32
3145
5
2034
0
1
0
7629
301
4
0
1
1
1
341
21
144
0
519
11
1
1881
7536
1
11
2020
1100
44
1
5
1
445
6
1930
2
0
1055
74
4
40
138
19
159
4127
9
30
3
1
2
3
2315
1
1
0
2883
2
3164
4278
18
0
0
3957
46
86
0
4
3636
0
8
1310
170
9
0
949
123
1041
1302
86
3
3362
0
379
880
0
13
0
1
0
1
18
67
1
10
5365
0
1670
144
505
16
18
21
637
0
260
1540
13
7
6
58
87
0
3497
1
109
66
43
2507
365
6
4
1008
1701
1
863
3
0
2
1
5073
4
1159
6276
18
366
58
2
110
0
1105
0
29
0
265
0
5
0
2
2
10
4
97
185
0
4
25
132
3821
0
0
3296
4
1
1256
6
2809
239
3
7231
218
84
23
1245
5913
319
395
6
25
70
522
1242
81
21
3
2662
1
0
3892
6086
807
560
2378
55
0
17
1
1
208
23
3
298
349
3567
42
7759
3
18
155
8
6216
5456
6498
0
659
5
6758
5856
79
19
1
0
1
722
7584
33
51
10
106
13
2231
15
2918
2
2442
1
507
318
4846
45
48
3
18
1
2496
1443
7250
41
2
3
0
139
1
1
78
134
1435
0
130
3
1
125
556
1
10
38
2
0
11
4151
0
7666
7236
2715
3078
1281
999
0
1741
1799
40
0
1648
5
2221
4563
1
5300
21
2
36
1
652
1
0
3170
538
1
0
1
1159
6390
86
117
1167
2239
1314
10
2
13
382
4
77
2
0
3
0
2
0
3984
253
1338
3
1424
4
1712
0
235
23
23
1
74
1
15
13
197
1
39
1786
40
43
675
182
1610
0
0
1209
1
571
1
1
809
6825
1
430
0
17
6944
41
1
16
4
2925
7766
3582
81
53
98
53
1514
1
394
14
2
440
8
325
10
4737
1967
4
0
1050
23
38
1245
1558
6091
2
1
4032
4442
2131
136
340
27
0
61
0
428
149
356
1
6
3848
99
1
415
2
285
145
5
1595
12
1
103
540
6212
138
1
1
25
349
2
32
1
809
73
0
180
1
131
101
3968
14
826
0
1091
10
108
112
316
133
1
4201
63
0
14
73
572
49
1
137
8
538
0
20
7655
5
1
1040
26
783
117
1
27
76
30
3
231
767
332
7
2139
5829
217
0
3
4083
0
809
0
3
2922
5052
0
0
193
630
3
13
1
1
3
224
0
23
903
2436
0
999
73
118
295
23
7
1099
232
1029
11
60
643
0
779
5
305
5711
0
133
6739
20
16
3
9
962
1
4784
81
136
1
1516
26
1534
4
74
13
221
1121
800
327
20
3
17
54
58
0
62
7
94
1
1196
5504
0
577
71
4
1877
20
820
4
3558
6125
1187
338
743
5
4
2572
159
1226
85
2412
45
1
323
238
13
221
500
68
18
5898
1215
1
2630
307
660
0
2
128
7278
1704
395
43
2856
0
720
68
1095
319
1
0
0
73
293
235
1281
351
93
2044
4
1
9
328
14
0
3635
1
382
2132
20
7034
22
2
0
1
1
1
803
7447
0
5060
1838
0
403
1
84
452
5
3
4
0
247
6
56
1
2
2059
0
4301
3
299
1
386
194
4454
20
17
401
9
2
2777
159
712
1
1
1
9
4038
0
800
19
88
2711
0
0
8
5
1
291
0
21
0
24
103
1
2532
20
7940
0
1406
53
1
30
1
8
338
140
113
208
701
0
2913
525
241
3
147
1314
1
24
1
2777
0
3
1
5737
0
1
318
0
1
2
3
0
3846
18
24
40
309
3568
0
2425
981
2787
2676
3807
52
3792
82
178
0
1
1
95
2
1
75
11
6022
4
2409
2784
36
25
362
4
0
1999
565
791
2
13
1
13
1798
67
1367
10
2
2579
1
0
1
1
5
1000
50
266
127
59
0
1
1198
27
19
4819
1365
0
9
1
2180
0
15
4851
774
4
198
2
16
0
2
70
3
83
1
1
1
18
126
811
269
0
660
105
5
0
375
0
0
209
7758
1760
0
1073
0
1068
1
5308
21
1660
480
3
1268
0
5
9
40
0
4269
0
394
1
8
1478
6
0
992
55
0
0
8
9
1
3
238
317
57
10
3659
19
1
7572
2
0
1
44
1
0
0
6
2
9
2023
0
1138
0
38
3
7060
1537
558
4
0
63
1
18
15
3645
6
37
174
2
0
2784
0
0
119
115
1
21
1
248
27
160
0
3328
19
1016
877
81
3547
0
1
5
7
0
216
78
0
3160
24
57
1
0
4089
0
1
3
0
1
742
7
18
166
65
161
2531
177
12
1
0
0
79
6
0
0
567
6608
70
1296
0
380
41
0
4778
3
0
51
0
129
572
0
0
46
365
7846
3
513
88
22
52
4604
161
4618
139
1
13
0
572
54
4580
1461
648
586
3703
65
1
8
1664
1
2
36
167
0
12
910
0
2831
165
18
3798
0
0
106
49
0
6267
1
7594
8
5601
14
11
193
8
5
416
0
21
110
0
1
49
1318
3
1
0
242
417
289
141
2829
234
6259
1765
178
3600
3224
13
907
6163
725
1
32
2515
78
1047
16
4
6
39
0
0
2
162
1
1409
75
490
1116
177
1787
1
0
3
53
1
107
439
1568
1932
2833
82
39
0
23
0
8
1
2
4577
34
4560
76
140
214
216
235
1
0
1158
0
1
215
2838
1
302
669
2
256
1807
1
0
1307
1
1
102
3
3
8
117
1
1
1382
53
276
32
4
32
4146
37
3638
2076
12
345
1021
0
530
1
1
11
129
1
120
15
53
61
3
1
1466
1265
4270
14
0
1
4663
1
15
124
683
2
1
170
44
3383
15
95
1099
1
1947
5
44
55
0
2
248
1681
1
1
15
345
2
6018
1062
646
0
3
5
562
0
4822
4236
2
1962
24
1497
2913
428
3468
31
7588
7
5519
1864
590
7890
14
4446
11
110
284
58
1
127
9
1007
63
4
158
57
230
1161
1670
6
370
1
4223
1539
4050
1329
555
0
0
5737
7
5840
0
7778
1
8
101
1
7
2648
3
0
1
24
597
2
3
3
51
1007
1231
11
0
1
460
222
511
0
2834
1
13
3
7
2339
1558
1
2929
303
10
52
5
0
0
107
0
0
1
1248
4892
6805
60
70
2
1
1
2764
0
33
2089
485
19
5
2
55
253
979
10
6
0
466
1
1
12
58
1
1
2353
1
507
0
16
1
334
0
30
3
83
4128
7233
28
1
785
1
0
1289
0
2
1
2
5
0
955
12
204
1
4
571
0
974
181
183
72
222
165
0
80
937
6338
117
9
274
1
1496
1
3
57
50
874
104
545
1000
8030
0
4847
889
165
4194
9
0
96
7
975
146
80
4338
2173
22
0
1067
185
775
10
5
5
0
0
0
1
956
0
25
1
2
67
1339
29
129
11
5
1
2
1379
0
86
0
7430
125
955
1249
1
396
32
3275
5497
0
30
6855
29
38
2386
134
323
3
7342
1
723
387
1
123
707
65
1537
1489
5
75
228
10
0
3015
651
27
3
6398
7
9
0
1
292
1
1
124
7
0
491
7703
198
1753
3
485
128
12
268
74
1
9
1
1
4
137
26
8
4
4655
19
2185
0
3
89
5898
6101
217
243
5342
0
2
513
145
1030
2149
16
867
1354
1
594
155
25
1334
4
3626
5021
159
110
5
612
6
6
26
131
0
1291
216
1
64
38
6718
36
605
0
4
2
1917
1
1
11
200
267
3760
8
47
123
16
1
44
220
4516
5
399
1
18
1
44
1857
1
54
1832
1754
37
6
0
4995
1
15
5
5263
33
1680
1
290
64
699
0
1
1350
1804
17
0
17
0
1
1
6
2415
921
2
3068
354
0
2771
6
1
10
3
0
5396
26
1258
282
1
3
329
34
1
106
7
63
5169
1047
4
403
25
0
236
634
1730
6
313
1503
1
2478
3
28
6
4821
1
1
0
6
1
3334
2
1
167
0
20
50
7241
57
1
7
3439
4
74
68
9
955
3050
509
1
3659
4
1
476
1
71
8
36
2162
47
2553
4368
64
2285
0
11
12
1
0
15
3098
1
9
0
185
0
2798
0
66
1
0
4897
598
209
3
5189
87
30
26
575
1109
2266
5
34
40
110
89
4640
0
632
2
37
3
0
1567
728
191
4024
116
5666
3086
0
41
949
41
0
6444
478
105
1
4
3
136
5760
7
700
1
2572
35
1
0
0
7
635
15
1
1345
1
400
482
1
152
3
12
1
37
1
251
0
4
2576
1
172
5201
0
28
1759
3240
536
66
0
1074
8
1
0
2
189
0
372
1
2979
265
21
67
281
5739
1
31
37
35
677
1416
1
4835
15
109
271
8
3
0
34
1
13
6506
2
1083
15
484
39
1247
235
1
185
3
335
3997
1002
2
0
20
0
1
3969
3
1
1445
4896
13
3
2545
94
16
1
88
13
0
3794
59
437
7
1
278
0
486
69
2816
1416
4057
5
3
2297
12
2
912
0
5
5700
2703
0
4309
221
962
1013
3
1
0
1
0
609
139
251
1108
5
0
551
1
1288
282
6
9
4
0
5
163
1
5658
4
140
73
586
132
1
3
1
2
31
13
0
14
3
6
285
637
1
6
85
0
9
342
54
0
2
971
1714
1
0
8
1980
2989
1
1
8
96
648
2
240
8
1481
336
1
452
12
136
0
0
50
5
0
5621
1580
52
18
625
191
22
0
41
14
1
335
3983
3
0
22
0
1
4634
7801
0
1353
7991
3
8
0
11
13
3017
4
24
63
1360
4854
2817
899
4514
10
52
5788
1
1
335
2530
121
3867
2
0
331
1
6
0
845
17
265
1
12
1860
727
0
7
270
2906
5
1
2
8
1
0
1
499
25
1
140
37
2331
1
7
0
2848
260
2
1106
0
1
59
583
48
0
101
0
1782
1
15
2
103
17
8
1
2000
93
34
44
0
8
148
60
0
4
1
0
5
77
83
26
0
15
47
737
1
9
1
638
0
5188
971
35
39
52
241
4547
4
261
1725
1
609
4
1482
3
0
127
2694
0
263
2117
1
2
0
1063
4
2532
2
10
30
319
37
4
1
20
0
5524
0
106
2036
157
4058
70
4
19
8
1
13
0
3908
12
1
95
8
11
233
126
297
51
20
0
43
40
143
93
1438
626
6654
130
1
2697
24
0
0
3
0
142
2912
0
225
3
7
1718
35
2
14
251
0
2810
0
1
35
11
1037
4
3
1014
35
41
947
123
17
8
0
10
8
1016
0
14
14
19
6
164
1
4
0
1
1192
0
0
15
4
0
2
6
1
8
0
20
1
0
82
20
217
8088
11
278
532
0
0
0
175
840
699
1
0
5006
3832
1
28
0
20
934
72
217
3872
824
18
8
0
0
18
3856
1046
2984
1467
1
1
2172
0
51
0
1
0
0
1274
5695
6
4
2842
1
6336
71
0
86
36
149
86
285
128
16
1980
148
93
10
14
2
3725
263
1048
1
1
27
34
3845
2271
25
3
345
743
362
14
165
0
67
0
263
645
1335
57
0
98
400
4
6
143
43
20
6
0
780
1
3
168
1
313
0
0
4
1
0
7047
912
0
1118
55
1210
2180
240
1
0
7550
8
1
0
489
238
0
0
1
787
4
261
0
3
64
1
453
59
329
5455
0
0
1
210
34
1497
5
1878
33
16
1522
1
4
16
175
253
1711
393
796
0
1
1
1
3318
103
121
449
46
6
1
207
1
5
111
5
2031
145
58
6959
5390
14
159
712
1
180
59
5
75
0
24
92
0
29
66
5
0
18
2771
838
43
7
6733
3730
167
552
3274
52
0
3
6236
1
1
1388
296
2029
4670
3
0
1
34
2
1508
88
8096
1
34
2775
4
2068
25
2
21
1
339
183
185
26
0
15
244
1
0
0
4
365
17
22
1
4
1
17
82
1197
6
1
2736
64
531
186
1
0
3021
0
1
19
40
2652
715
47
1
789
1279
3
17
1776
117
115
2
88
0
1578
2049
16
0
0
105
312
0
1
38
1
1226
90
6
610
29
14
3
4854
184
0
458
1014
562
111
0
1
59
369
0
21
3
1084
679
32
5106
230
22
11
888
1
0
4
519
6330
703
0
1
6236
15
18
1
5
7
2700
4
3
118
22
22
84
68
14
5
1
1
76
143
2138
0
0
1734
99
1
0
11
735
5400
3230
3430
3
0
1953
70
14
6229
21
604
0
1
3023
0
7699
127
0
1
345
3
461
88
1
10
526
0
5743
1510
2
134
51
103
1
4
150
1
1
1
3546
2622
0
2826
259
3822
2
262
161
129
1559
1614
0
59
861
6
8
746
4095
6
651
2886
603
21
8035
2270
41
1
18
58
12
48
33
419
1959
10
7895
0
6
20
876
7866
0
9
1
0
63
0
2
7695
7419
1
85
343
2619
42
397
11
145
1944
238
998
1498
8
3025
0
0
15
2582
1
3105
18
2927
0
2409
4570
2
452
2
6
18
1
462
0
24
1380
2648
16
35
19
35
0
3
950
3029
1
6
65
40
72
74
67
1
1095
1
12
5
436
6531
1647
284
279
0
86
2047
2
96
0
3
1738
11
128
26
0
1
4
11
17
1
7
4
7288
1
136
2240
53
1
5
3387
634
2131
2077
13
61
0
88
0
30
635
3538
22
120
147
2569
6
1755
2
16
6565
1098
42
3
12
1735
173
300
1376
19
1021
7
0
92
4
2638
286
7796
2
0
5
1
7
0
0
4
2100
3018
1172
1
200
582
201
18
1
12
11
0
221
32
5
1
6
140
441
3803
2074
4
72
70
0
241
471
36
0
166
1
1
103
872
322
4
14
1
68
1
427
1524
0
1
12
1
6069
20
2
4481
31
1
6390
1
86
0
353
1
5805
2601
1
2406
51
30
446
1
69
105
12
1
456
640
34
80
11
774
11
3
1
0
199
5
964
73
5
25
289
1804
10
2
1
1510
33
517
1807
319
9
176
0
226
1
19
3
162
3489
1
101
764
731
0
0
4
24
1
295
3806
53
519
1004
3
45
14
1026
7
995
1
6
1348
2334
317
6
1
1137
1
34
2
0
76
41
20
0
6
1
16
41
4
2202
22
71
0
40
1
14
30
1
0
2
9
1411
7
3315
960
48
16
691
283
1
0
24
394
1
2
0
16
1
1835
411
6516
0
2114
9
6541
16
333
1536
922
0
100
6434
474
21
3611
3686
3967
1597
0
21
0
5
30
1
8
23
16
81
6
154
2497
7320
2
562
61
14
2
787
3
3
179
923
221
221
6
16
1
101
124
5572
0
3957
1
63
243
108
911
18
1
1849
165
12
3
4
173
3
0
1
0
70
4928
45
1
2325
96
40
2
1706
1636
271
0
2
1
34
0
1
37
1576
13
3
0
0
7142
4
3788
28
0
4
193
693
1572
2409
308
0
0
21
11
0
498
129
262
2277
1035
1072
3936
1
935
3157
62
1
53
1318
1129
0
554
2535
190
0
42
39
315
33
5956
0
0
1612
116
1358
3
8
1346
0
3775
0
3696
4278
0
29
1963
44
69
47
7338
6
30
86
0
1
0
42
2
1157
14
6
187
146
0
942
1354
13
4291
1
286
68
421
5
0
4
1441
7005
52
155
84
938
1797
3
238
7
0
0
15
7173
1
836
223
226
7605
12
0
200
30
61
1968
1
1
3
229
6701
301
74
40
2
214
19
2
28
7511
132
0
65
222
328
2667
5568
0
46
48
209
3222
3
4
219
3
3
879
75
27
20
115
576
7
700
2
161
144
11
6718
228
1071
3013
0
572
1
305
18
16
21
440
9
0
40
0
1
69
19
1
1
459
42
37
4692
7983
4861
1
1359
1
7969
1272
5993
6585
640
0
819
106
296
296
0
12
36
9
1
12
322
5788
693
8
1020
1
5
337
1254
119
1
184
1
3515
2
1575
369
1
8
20
0
17
884
33
278
1
8080
103
1636
14
8
1
39
112
0
47
1107
1953
9
2
1
42
36
74
385
1716
54
319
0
120
5
4872
4
4548
279
5690
161
636
9
307
0
1
1475
2005
43
1
128
1186
1
1422
1
374
38
1250
86
3645
1929
45
81
478
4
0
2786
989
2134
2
2157
0
0
273
3
1935
3
99
384
1357
7962
1152
2
185
2
1729
4
1
6
0
75
7584
8
2
2
807
3536
7487
1
942
385
1047
9
3375
74
40
31
4802
2717
172
1
829
2
14
3
0
1
164
0
1582
0
4895
0
1590
690
1
452
69
68
3
1571
14
1622
40
32
0
6
8008
6558
1739
3
0
194
40
60
3
1
1
47
51
5
0
1213
93
2375
55
4950
445
155
1
590
5417
68
46
1721
614
0
1
9
663
212
135
49
8
0
4
5
316
1418
17
54
6348
1
0
1
608
27
1
2
113
437
1019
1
1
2
1
48
23
178
738
1
28
1
276
470
23
12
996
0
488
0
3269
512
1
0
61
3
1
2226
212
347
70
17
48
86
0
4
0
2
31
11
448
5
1
40
1920
691
1
78
5
0
16
194
3970
36
108
553
68
3
8081
7
1029
1800
431
468
63
123
1
0
883
788
1
441
1
869
2045
8
32
1653
6311
2
643
328
24
1
50
136
7
2567
1
4628
2926
0
180
858
9
6880
351
0
1
15
5719
10
1
242
525
555
701
357
1
39
106
1
5001
62
0
4
5912
0
1446
13
7
0
997
7438
1
183
54
1
0
435
44
4092
3
256
4
1
4
2
2
0
0
10
475
4094
47
28
7517
10
74
1
0
8
353
1392
0
3899
12
6
4091
1115
410
34
1
6124
1
2614
2
7963
2311
0
14
0
38
26
184
5300
4
1
10
803
1
112
2
46
0
369
1
1
1
2576
1250
1235
14
3
497
16
1
33
25
24
0
607
0
120
19
0
0
0
1
23
0
0
10
11
1836
0
7
1
1
63
51
651
0
59
67
14
0
3
3255
32
1
3957
625
0
223
54
1539
6
1974
596
96
0
118
1676
861
1
7
2
914
3123
1
0
0
5620
5
327
0
0
5328
0
213
0
7
0
25
751
467
1
0
10
9
65
1
417
483
0
28
439
6
2
1383
1
446
1
226
0
0
0
14
4443
3970
2
217
475
77
2
298
28
51
1
1
0
2088
191
2
82
134
704
241
82
1658
282
441
35
1
381
3848
27
0
28
300
0
39
271
7372
1
83
61
1730
0
0
0
1
11
573
94
0
7
4155
1
6426
0
499
130
105
3622
34
1
0
2
1768
2685
1
516
3173
3465
0
3
2297
0
287
27
1
147
1797
20
20
289
126
176
0
1
8
847
1086
1
6
1233
14
6
3056
195
0
301
0
2016
0
45
5
450
18
1
678
1
5
1
71
0
19
0
7674
625
0
1
36
98
1
2
4289
25
0
45
1
1
0
3580
1
1
6
7
2
3
691
0
327
5955
0
5888
27
6087
1590
1415
135
4651
13
4
1428
553
5
706
161
149
89
207
1
0
1940
7868
179
65
0
629
238
7
1
145
14
4599
9
3
0
330
1
445
1
1
5176
1
1
35
18
6140
24
20
3
3136
15
0
689
1
0
4
7
834
116
0
1
1
1
493
7107
6
0
3306
6
1
1327
6227
227
6
151
72
7
93
355
0
1
11
1098
3
1
277
0
42
1
2
0
7423
0
2
3
10
0
35
0
127
122
3103
345
9
0
20
456
1
2200
210
366
301
421
23
37
3
3414
1
2558
1
168
3246
12
0
224
0
26
2981
4042
2
18
170
0
29
434
20
0
1
5
4
400
11
67
1
2
1
427
17
2391
21
0
595
287
22
0
9
3263
0
0
3325
638
116
5
1
728
1340
808
4309
6255
161
44
472
235
1
1
0
15
6653
691
3
239
1
0
0
8
62
2
0
239
852
42
585
131
5
2176
1
1363
367
1
5416
8
0
1
0
50
2
1
0
5
6
2675
1
91
19
1
7
1242
459
37
1003
70
70
23
298
73
14
1
396
404
1415
140
3
3434
19
881
1
1
0
2
1
80
590
440
453
1
112
53
314
45
20
7564
3
0
39
8
296
108
23
4891
0
2426
1
15
4850
1890
5
0
2955
344
0
159
5
4
1156
72
412
315
52
4223
0
868
739
53
1
2
1011
1
1
1
9
1290
92
1
0
286
8
2552
6
0
772
4435
113
1
355
1
15
1
152
164
148
5022
576
6
16
824
366
28
7
0
48
87
3231
323
476
0
670
327
934
3
1
178
3266
1207
607
1
35
784
1
6
4
21
1401
3
1115
1
8
340
59
19
30
1491
1
4
37
564
2
3
0
856
7
569
203
1
1304
0
6035
7225
11
1
1
8
4534
9
197
4585
9
1
453
26
11
1
1
5
5058
2992
4589
6160
0
40
1
3074
2
2
1859
302
9
1
116
1
730
4849
69
481
350
2
38
26
3448
85
7
50
1
130
8
12
694
234
25
3466
58
6
0
28
534
250
1201
5181
1
1
1
1
1
35
13
3354
5
40
0
32
0
1
136
0
3962
2
127
19
7
9
47
1
148
3
3728
4584
1
182
0
2457
0
0
32
1
17
0
0
495
31
2
512
16
71
5
2349
1
201
0
7551
3496
879
21
0
428
1914
0
1311
267
151
1590
5023
1
1388
4283
101
2
44
11
0
4
1
58
154
177
107
0
1
1
1755
4
7
177
404
1
6
1176
88
0
0
44
1
218
3396
205
6
935
0
52
192
476
114
1852
162
10
0
118
7247
2
1950
84
0
1
168
1
36
561
159
3952
88
1
3643
154
1
12
185
9
486
1780
0
234
0
63
376
0
516
17
913
57
349
0
352
2966
2
0
605
44
7468
41
0
2
3
4367
276
1
3
328
2
6
1219
53
225
4122
122
4
3418
3
31
1
4858
0
170
220
469
9
4
265
19
2133
10
2436
6
5653
541
102
1500
6738
134
107
7112
7905
5716
6
743
1
1
591
0
1
5805
864
20
71
8
4
39
48
860
19
151
683
48
33
4705
19
4703
4
6726
29
754
501
4
203
3071
14
66
198
776
23
0
7
1776
19
9
5258
4
0
12
363
5334
6
2186
1
6
0
4423
12
0
0
33
2
3012
3
2422
5
0
3
123
5392
2402
1
0
28
5339
9
41
1139
1015
0
0
3
538
1336
3
1
1312
59
14
4995
1
297
7
786
2
2679
1
3
3410
7
0
3
41
624
845
1
20
96
0
804
206
8
41
513
0
2553
19
7
0
7
5
448
0
92
209
10
10
55
101
7829
312
54
17
118
7315
0
113
147
1
1588
76
1750
63
139
90
39
86
40
2091
0
123
1
1
427
32
1
0
442
13
2
2168
1612
2
434
835
1
1286
2
30
430
29
328
504
69
3746
2
2904
414
10
1
72
0
34
280
1
7
3374
32
104
772
1
257
37
0
12
20
1
441
455
5830
139
1
42
332
547
151
898
24
1
225
48
323
3210
4
7750
1
254
1
0
1
0
15
1
1525
1
0
6931
0
18
404
47
3
1
1406
109
64
30
514
3338
469
7
1
8
10
1046
3
0
15
770
2568
1
194
1696
5
389
10
1
313
1480
5343
42
73
4
1
2
93
1
71
2838
300
7233
1
11
472
64
1
1
104
0
1
1
596
40
39
0
220
6069
1
3899
1
16
426
5082
513
21
92
2134
1325
0
5854
391
124
1
1
77
19
1
6522
4
0
44
3631
1
128
0
132
10
2424
13
0
532
1031
0
746
4
3063
1982
964
3
16
7157
147
7063
258
337
1
9
821
48
1434
27
1
78
4425
423
3
49
8
6
33
2902
7
0
26
2
0
14
3908
1
190
3
1
2928
27
1
1378
98
1
8
3
115
6
23
99
7
40
820
2
23
472
2154
1782
3
0
1
800
2
742
4068
4
392
0
817
76
1788
17
472
0
311
150
1
1613
176
1
33
3390
5996
21
36
1
4241
7837
118
4135
0
65
151
36
843
2
358
29
20
4
36
1
0
1
4368
4
2584
1
1
0
15
7413
1066
147
52
67
44
0
1
91
6
1
1504
79
93
0
7
613
4
31
445
10
0
80
411
1170
53
1383
3
6183
235
0
1
1076
1271
7
297
4088
62
1
190
21
141
0
6390
28
244
4170
3
6
17
66
4734
63
4427
553
455
66
44
3
1742
0
7065
123
5
0
4
0
4
4781
1
1280
25
172
4814
4
871
791
70
21
19
10
33
0
0
2985
4
4305
1
0
116
3
5654
31
2462
692
0
2571
0
1753
99
1
84
1
6584
7
1
2
0
5728
9
0
2040
104
0
1
3966
239
0
1
2350
46
0
143
11
1618
1054
1
161
229
272
1959
7
489
11
967
135
1
0
2603
0
3361
0
970
4069
8
9
2
0
0
0
345
15
2723
11
3523
1
2809
295
159
321
1
662
2810
584
1
226
51
3
6899
76
184
0
47
2
2112
20
1055
1
5842
1
85
36
27
32
5
162
25
0
0
18
3199
1
2
0
0
0
0
4575
0
186
98
7445
0
1
4874
1160
225
2
5794
443
44
93
3521
617
1
2070
1
1
12
89
635
90
6268
1630
1
1063
3
29
6
3
1
568
46
1
0
4
0
2
0
3738
1881
1
0
28
10
2
149
1
585
69
0
1371
4845
233
206
6678
6
16
9
179
0
54
611
36
35
292
4248
45
80
1876
12
400
184
13
70
1
2176
80
2
1535
6042
1
37
1
2717
1367
1
32
1402
3538
72
57
1038
56
64
40
147
2
3954
41
1
1
3328
595
67
2
1
1
3
17
13
4
1
876
248
4273
0
0
43
1
0
331
17
0
2694
85
1
1076
480
38
902
84
6
2627
21
72
0
2406
0
1
231
3
5
1750
0
13
3
3428
1
1470
955
494
27
38
2137
265
745
334
0
4370
1
3
56
10
3287
21
703
131
259
21
2
2
147
6201
38
530
5826
986
4
2
8
0
1
0
525
4
0
0
252
9
136
2050
1
1179
14
63
1
14
2329
12
1
5287
1
0
87
6565
1
22
0
1
168
4170
68
411
49
0
3977
259
1972
9
17
5555
220
3
122
0
136
3
1
611
1
19
7
1487
1
99
1
640
3
195
5992
73
3561
141
0
3353
49
1
5972
2
8076
2
1288
48
87
1288
343
30
2
1681
0
3
0
1033
5317
832
95
1
3012
224
2900
1
89
3561
1660
1
1
1
282
114
26
123
5364
1791
4727
23
6007
33
129
9
1
0
1479
67
7
180
142
12
293
2
0
3544
715
2907
40
1340
14
431
1
38
3654
0
49
2
463
60
1
36
3
1
0
10
40
109
1226
100
2
0
536
1
0
2
314
1
24
0
1
2845
348
2210
1
118
45
0
0
0
1670
4
707
38
1
1
3
22
0
4
0
3
682
128
2
773
235
6
6436
16
751
0
13
289
385
4094
3
1770
1
169
2060
1183
250
2
0
102
392
4
1
5
1
10
60
72
1251
812
20
508
11
10
284
286
66
356
1
20
144
9
0
19
35
1
550
1
1
25
1
1
2
1
175
1
16
163
114
0
0
19
866
15
24
5
2969
2765
12
21
12
4
1
114
4084
1
5852
1
859
819
2
0
45
0
1
707
6654
0
2
7
1739
6383
1193
3
212
7
2638
194
64
62
2852
35
587
5
1
295
2659
769
3273
377
726
203
1293
2
2136
1721
0
7325
263
1
84
31
13
796
89
3764
7912
4814
181
188
1
329
383
258
357
6603
1207
37
2
2
3949
122
2
3615
0
3755
975
6
1607
1
1
654
0
15
242
238
3
1
1
23
0
0
7
96
1
11
174
21
174
674
201
1
699
3076
1
1585
84
2765
16
219
2
36
432
0
0
4240
7
2768
0
1030
4
949
12
29
4086
2
300
1
3276
14
1693
82
1
38
2
473
135
3437
0
153
109
0
2
3959
2467
9
10
2224
1
4
9
2591
30
120
9
0
3
668
3397
2
2
292
2
811
58
6109
1392
1887
28
45
0
1
1
3
19
4
5172
130
1
3812
8
1
0
2
524
0
0
1522
12
102
15
0
0
1
0
2407
1554
1
1
80
3420
54
2
498
39
39
0
103
7088
377
6451
1
471
21
160
33
1
4944
406
6609
116
18
1
7
3811
1
1
618
1270
2
0
1
290
71
957
183
518
598
1185
2832
1
66
5
142
322
23
4
70
3124
127
2341
3124
50
2
67
18
0
770
60
1985
2200
0
0
1880
123
0
637
1
207
0
989
0
120
11
5345
1132
2405
1571
77
29
22
6011
41
26
2533
833
73
1
2
6
0
11
1369
757
0
1
73
0
1
7642
2
0
0
4
0
24
29
0
42
0
3
2
14
47
1
80
90
2
6471
241
2
1
1
722
1
0
1165
2572
12
5406
202
1636
163
8
123
0
28
1
14
3436
31
6079
12
1
14
22
748
1
35
65
400
5
6334
1
59
0
1
887
0
10
7
205
28
21
2651
3
76
1975
4086
702
0
1
293
10
1
1
10
144
165
2
263
53
957
0
1
7
4
13
22
2881
1
51
13
2442
23
6723
149
1
1
0
5
1225
3
36
2895
1355
1
241
0
592
140
77
2
4844
1582
7776
2883
375
455
456
5
0
0
0
1
0
31
5
13
788
1
8
0
4869
695
3372
2700
7
1
1
5
15
239
4861
163
13
37
302
0
1
2
1
1022
625
13
54
76
735
548
4
1312
1
1
7133
60
11
84
7
0
6749
2267
1659
123
3
2462
4
33
2937
3
5
1
0
1674
13
2
1
0
13
8
293
266
26
106
393
0
6
443
7396
1
13
2662
995
310
94
1
1
32
180
0
32
15
350
34
6
2
5349
123
529
13
1
1
5
0
7517
1
0
43
1030
1
1853
215
1
17
1762
2
1612
81
4
0
21
1
25
0
1
139
1
0
1
33
1
555
5
67
1
67
0
1
1459
6982
300
1971
0
0
0
1
114
0
14
304
8
7771
546
294
348
15
74
929
7
0
2
186
2
477
351
1
312
1590
1
2885
320
2
0
843
1
0
53
91
3
9
130
2
1601
176
54
32
50
86
10
692
12
1139
59
13
1537
2
2
8
6
886
15
33
30
3
24
5393
248
0
7542
14
557
38
59
3760
0
0
7608
0
207
1746
615
10
0
6
3
28
15
24
0
15
11
1
9
11
14
121
0
31
0
1
3924
2
3
379
897
44
7402
1
0
15
797
3848
85
66
1
10
2
240
4617
7
138
1576
220
652
197
11
1254
1
6795
712
48
3533
680
2
1061
14
0
0
17
52
36
0
0
655
313
0
138
301
1
0
2660
13
46
0
44
3141
207
2408
2
1
16
7441
73
27
1
0
1
40
1377
66
12
7
6208
1590
3132
7957
1
274
2
46
66
0
6
868
989
5611
7
2
581
1
14
216
0
0
5
127
2
3217
91
61
75
3619
1018
0
0
141
0
4
1471
3
7306
0
5
161
833
146
80
3796
1
0
47
37
14
61
4
2279
6
1
4
782
173
2
7
3
0
355
0
313
0
1
430
1
37
1
0
1
1
1652
6
7
4
49
84
453
3358
4138
1
911
9
6262
88
0
0
974
1
6
0
1
302
9
137
21
1
4736
1
181
126
1652
2825
1
199
242
7920
4
12
0
59
964
1582
228
0
80
47
20
303
31
632
337
0
1766
299
16
16
3521
18
643
4939
1
16
6
0
2
7
7
13
15
793
5
1
63
3042
0
26
16
6138
181
11
1
21
392
291
0
74
382
0
5518
50
0
18
0
5
1
1
1226
1
2829
35
0
2
1
13
1047
1617
2
423
2222
0
4603
0
1788
1
134
10
4136
24
568
17
5
5540
44
0
2
74
8
0
1
1
1
0
0
1
1
3
2057
568
7
1
7097
4299
1626
373
279
0
6
2759
1
3578
17
0
70
1
1536
509
96
0
5
311
1762
7773
0
850
136
25
3737
879
6
27
71
2236
256
0
8
11
11
1
102
607
2
2308
119
370
4292
0
20
2893
0
6
511
26
2035
9
635
0
1
1961
56
38
19
2
6
21
80
202
35
12
2
5170
115
115
2
37
2862
1595
7
7605
7
192
332
5458
58
0
5539
128
0
3
0
5167
0
105
99
1
51
11
1
1
9
126
0
6930
0
1096
4
3
8
199
106
1633
4
2
851
2312
38
44
681
934
4241
51
2714
300
1
65
82
0
871
5136
34
160
71
1
2527
216
3
1747
7497
0
9
2833
112
2634
841
3
108
1
4
6
2
5
465
4
9
97
9
2
5771
6652
1
3714
187
2
5555
7
23
0
2
4720
998
0
5
0
0
572
3
105
3848
915
44
10
1164
1
0
36
0
69
51
3867
2
99
33
20
2
181
0
9
2265
27
1
25
548
1
135
619
85
251
37
183
59
114
4428
0
1
0
1303
0
1
614
40
9
0
1185
1
53
1502
2120
6
1204
0
7005
5223
115
1
8115
13
2
210
1608
3214
1254
0
34
5076
154
7
16
1190
1
1
0
1620
0
2
2
1456
539
113
2017
1348
0
1788
4748
2083
1793
1592
4
323
1504
1241
3
0
0
0
1163
0
5529
1997
3407
78
249
2457
4
83
119
7275
6
26
23
132
99
1
963
7
36
14
458
38
1
1
0
41
1756
15
25
2
995
0
23
30
2
1
974
20
533
1
2484
118
520
197
4
357
4
12
0
2
188
1857
1
31
2
1
1
90
2934
446
1
2
7
0
14
3
6
307
3308
548
208
418
804
529
1663
4494
2
105
110
1049
5922
6
768
0
80
1769
99
1390
0
0
0
1
0
5
1256
0
8
351
122
122
3611
0
1
0
34
0
31
1
1991
895
23
0
38
3412
0
1990
1353
606
65
1
694
29
5
1221
27
19
