0
0
0
1
2
0
0
8
12
6
0
216
547
18
16
0
118
0
0
1
327
12
492
11
178
1
360
18
0
186
891
0
386
140
0
0
0
2
52
53
104
0
31
0
29
123
1
9
10
1
64
2
328
2
12
4
14
46
1
215
287
121
0
755
1
0
1
0
50
177
6
18
10
21
91
314
20
741
1
3
1
0
263
179
677
425
1
55
0
0
0
1
21
2
0
6
141
5
1
265
12
82
0
138
7
0
5
82
750
108
6
306
1
248
0
595
47
161
1
27
441
127
2
614
355
5
1
4
7
0
26
150
1
12
404
1
605
3
541
454
1
13
64
785
120
103
0
267
1
0
4
1
2
4
1
3
1
0
0
0
0
12
9
347
126
0
0
15
2
6
22
21
0
192
3
21
1
380
1
0
0
1
957
53
180
36
1
90
201
77
42
2
27
4
185
126
1
0
24
10
32
1
1
6
37
94
4
29
29
268
1
1
0
0
656
940
0
25
567
16
14
5
5
1
0
0
0
0
19
468
4
41
2
21
3
0
1
0
5
519
497
26
285
0
56
244
1
0
0
3
297
0
511
361
44
41
0
0
0
12
147
41
14
159
81
0
0
1
8
6
0
9
278
0
197
738
0
537
0
0
1
1
5
39
1
8
39
13
2
3
78
80
1
0
451
93
0
40
2
0
255
0
0
4
7
9
856
26
459
101
72
786
0
0
0
0
1
0
107
581
0
23
0
24
0
0
4
638
2
0
802
113
287
3
303
0
0
4
891
17
19
7
6
112
1
4
0
1
62
1
383
84
1
1
202
5
22
834
9
400
80
0
6
0
713
0
593
416
0
11
0
155
306
0
340
0
0
7
37
558
0
18
10
43
382
88
57
176
0
115
120
14
7
4
0
12
10
102
1
0
115
0
745
0
0
394
97
0
21
0
354
3
0
525
6
312
0
8
18
264
0
493
0
3
0
0
12
19
0
0
9
80
9
2
0
2
471
9
287
507
0
1
0
74
0
131
0
4
22
10
120
77
167
92
10
191
0
19
287
15
211
0
69
0
0
1
48
1
5
1
0
1
0
4
195
0
1
0
0
2
113
4
56
12
1
1
2
96
84
85
1
16
55
311
16
2
13
724
506
104
56
1
2
68
44
3
0
3
46
0
0
29
0
0
0
2
3
1
12
150
3
81
61
33
0
86
1
0
0
1
1
12
1
413
5
0
1
13
37
239
776
2
2
71
0
0
0
744
229
56
57
175
12
21
54
6
111
1
1
0
1
7
0
617
1
0
1
321
292
7
0
125
0
0
0
1
0
168
0
0
338
0
45
31
150
2
32
0
0
172
3
5
107
139
7
73
3
0
4
411
27
222
109
26
286
3
0
21
0
8
245
65
0
59
0
4
85
1
1
1
0
26
20
0
7
1
1
42
993
0
0
0
556
0
71
16
4
919
6
63
56
13
19
14
24
2
400
0
4
18
1
218
1
0
8
0
0
0
29
65
0
166
0
3
175
1
5
58
0
14
10
462
5
293
220
46
316
467
1
0
50
1
393
1
0
20
0
59
1
169
335
95
19
302
246
38
0
30
167
540
5
0
605
259
1
238
54
15
865
2
104
0
4
267
0
0
12
32
126
32
147
0
363
126
275
7
127
1
1
0
1
7
1
3
22
4
302
0
0
114
5
8
13
699
6
734
3
6
0
1
304
622
65
0
0
287
60
1
269
1
0
483
1
1
1
1010
0
255
4
6
70
9
1
2
0
209
2
330
1
26
116
0
0
2
41
0
4
5
0
309
46
1
0
529
588
4
0
62
1
1
33
15
21
98
0
689
81
0
771
0
0
5
2
70
577
1
601
1
0
3
620
72
6
1
205
21
372
65
490
373
33
2
0
150
31
6
101
1
30
12
158
62
0
0
20
16
411
899
5
3
0
7
14
0
7
83
0
2
722
0
1
1
52
1
100
0
788
1
68
11
399
476
1
62
211
99
959
214
132
46
45
0
1
20
2
1
1018
24
107
950
28
0
0
305
16
17
0
16
187
21
88
1
484
7
1
1
87
209
812
0
0
82
13
504
0
0
526
1
83
1021
0
8
0
10
1009
264
1
4
23
1
6
7
305
15
34
0
7
0
6
0
80
293
1
115
1
2
726
0
0
0
330
0
406
1
170
78
7
0
7
9
690
35
0
27
4
0
0
5
429
19
2
0
1
386
0
248
0
79
0
1
0
2
16
48
1
11
194
148
242
11
17
3
126
478
46
0
215
3
0
0
77
0
37
0
798
0
0
14
46
1
10
1
1008
0
638
24
15
523
0
1
0
0
321
48
