0
0
0
0
5
0
0
21
32
15
1
748
2065
49
43
0
388
0
1
2
1177
33
1840
28
605
0
1306
51
0
635
3521
1
1410
464
0
1
0
6
156
160
335
0
89
1
83
404
0
23
26
3
198
5
1180
6
31
11
38
140
0
744
1020
397
0
2935
4
0
2
0
152
603
16
50
27
60
290
1126
55
2876
4
7
0
1
929
609
2606
1566
1
169
1
0
0
0
60
6
0
16
468
13
2
935
31
261
2
459
17
0
13
261
2917
349
17
1096
1
869
0
2264
143
543
1
77
1631
418
5
2343
1287
13
0
11
19
0
75
502
0
31
1481
3
2304
7
2040
1682
4
34
199
3064
392
332
0
941
0
0
10
2
6
10
1
6
2
0
1
0
1
31
22
1257
416
0
1
40
4
15
61
59
0
659
8
59
0
1387
0
1
1
1
3805
161
613
107
3
287
690
242
126
5
77
9
633
417
2
0
70
28
94
0
2
14
108
303
9
83
83
946
0
3
0
0
2518
3734
1
72
2148
45
39
12
14
3
0
1
0
1
53
1742
9
121
5
60
7
0
2
0
13
1948
1859
73
1012
0
170
856
1
0
0
7
1060
0
1916
1312
131
122
0
0
0
32
490
121
39
535
257
1
1
1
20
17
0
25
984
0
677
2865
0
2022
0
0
0
2
13
115
1
21
116
34
5
7
244
251
3
0
1672
297
1
118
6
0
897
0
0
11
19
24
3371
74
1704
327
225
3068
0
1
0
0
1
1
348
2205
1
64
1
68
0
1
9
2442
5
0
3139
370
1021
8
1084
0
1
10
3519
47
54
17
16
365
2
10
0
1
191
0
1399
268
2
1
695
13
62
3274
25
1465
251
1
15
1
2757
0
2254
1530
0
30
0
519
1095
0
1229
0
1
18
109
2112
0
51
26
128
1396
281
174
598
1
374
395
37
19
9
0
32
26
331
1
0
376
0
2893
0
1
1444
310
1
59
1
1282
8
0
1973
14
1116
1
21
51
931
1
1845
0
9
0
0
33
52
1
0
24
251
22
4
0
5
1756
25
1019
1902
0
2
1
231
0
431
1
11
63
28
394
243
564
296
25
655
0
53
1019
41
728
1
216
0
0
2
145
2
12
2
1
1
0
10
670
1
1
0
1
5
368
10
170
32
4
1
6
308
265
271
0
44
168
1112
44
4
35
2807
1895
335
170
4
5
211
132
8
0
9
139
1
0
83
0
1
1
6
8
2
31
502
8
257
189
96
1
275
0
0
1
0
0
32
3
1517
13
0
1
35
108
834
3026
4
5
222
0
1
1
2890
796
172
173
594
31
58
165
16
360
2
3
0
1
18
1
2355
4
1
0
1152
1040
19
1
411
0
1
1
0
1
569
1
1
1220
1
136
90
504
4
95
1
0
584
8
12
348
463
19
229
7
0
10
1512
78
770
353
74
1015
8
1
59
0
22
859
203
0
181
0
11
272
2
4
3
1
74
55
0
19
1
2
125
3961
0
0
0
2103
0
221
43
9
3641
16
194
170
35
53
37
70
6
1467
1
9
50
2
754
2
1
22
0
1
1
83
202
1
562
1
8
592
1
13
177
0
38
26
1717
12
1042
763
137
1132
1737
1
0
150
1
1440
3
0
57
1
182
3
572
1210
306
54
1077
863
112
0
88
566
2035
13
0
2305
912
1
831
164
42
3409
4
337
1
10
945
0
1
34
92
416
92
492
1
1318
414
973
19
417
2
2
0
2
19
3
8
62
9
1078
0
0
371
12
21
34
2699
15
2847
7
16
0
4
1088
2376
200
1
0
1020
186
0
949
0
0
1803
3
0
2
4037
1
895
11
15
217
24
2
4
0
723
5
1188
2
75
378
1
0
6
122
1
11
12
0
1108
137
3
1
1989
2234
9
1
193
2
2
97
40
60
317
0
2657
258
0
3004
0
0
12
6
218
2191
2
2290
0
0
7
2367
226
16
4
708
59
1356
202
1829
1358
96
5
0
502
90
15
325
2
87
32
532
191
1
1
55
44
1511
3554
12
8
0
19
39
0
18
264
1
5
2797
0
1
0
157
0
323
0
3080
3
210
28
1463
1773
1
191
730
318
3813
739
438
139
136
1
1
57
6
0
4070
68
348
3777
82
0
0
1089
44
46
1
43
640
58
281
2
1805
18
1
0
277
720
3178
0
0
261
36
1888
0
1
1976
3
262
4084
1
20
1
27
4030
930
3
10
66
3
15
17
1091
42
100
0
17
1
15
0
254
1043
0
377
2
5
2814
0
1
1
1187
0
1490
3
575
247
19
1
19
25
2663
104
0
77
11
1
0
12
1583
53
4
1
2
1409
0
868
0
251
0
1
0
5
45
144
3
29
664
497
846
30
46
8
414
1782
138
0
746
8
0
1
242
1
108
0
3118
0
0
39
139
0
28
0
4030
0
2443
68
40
1966
0
3
0
1
1155
144
156
1
547
45
55
70
34
1609
1478
51
729
0
15
2
51
1
0
1
382
53
915
545
192
62
3
4
314
770
0
15
3
8
0
188
12
856
0
4
1793
31
3764
30
1033
358
25
1
17
0
0
0
44
26
22
60
1
1338
0
1790
263
0
1416
192
26
745
1353
1
39
257
37
680
21
18
0
3
203
7
5
537
29
1
1
1
34
330
330
475
259
3
4
2
1311
20
4
11
980
15
13
1
1894
1
1398
2260
47
2003
2076
1
157
15
40
1106
388
2
0
0
0
13
27
108
3
1
2401
0
1
14
238
3
3302
1
1
377
159
1576
67
14
28
10
0
1221
0
143
87
0
95
0
6
863
1331
0
1
0
52
916
6
2341
179
693
186
1709
0
101
5
29
3017
1720
13
13
4
0
1
28
1
15
1
14
1
357
3
0
200
1230
25
1262
6
3
1
83
0
2
9
0
19
7
2
1
9
1066
26
1597
2
99
1211
1731
3
138
50
683
115
156
773
164
0
0
0
2489
1
17
1
89
35
347
284
63
128
16
1357
0
192
15
637
130
1278
3582
29
1
0
3224
106
0
1
352
1
667
0
986
41
1
234
1
61
1
3628
1080
0
10
859
376
1975
3
3498
0
3
5
0
145
177
41
4
20
7
545
115
1
19
151
7
2
57
0
1143
0
213
88
9
635
2472
0
1
105
1
0
6
0
20
1638
3
1079
0
1
0
3826
173
2
0
1
0
0
195
13
86
0
292
7
1
1001
3781
0
7
1072
599
28
1
3
1
252
4
1027
2
0
576
45
3
25
82
12
94
2124
6
19
2
1
1
2
1222
1
1
0
1507
1
1647
2199
12
0
0
2041
29
52
0
3
1882
0
5
708
100
6
0
521
73
568
704
52
2
1746
0
216
484
0
8
0
1
0
1
11
41
1
6
2731
0
894
86
285
10
12
13
355
0
150
827
9
5
4
36
53
0
1813
0
66
40
27
1318
209
4
3
551
909
1
475
2
0
1
1
2589
3
630
3173
12
209
36
1
66
0
602
0
18
0
154
1
3
0
1
1
7
2
59
109
0
3
16
79
1973
0
1
1713
2
1
681
4
1470
139
2
3634
127
51
14
675
2998
184
225
4
16
43
294
673
49
13
2
1396
0
0
2009
3081
445
314
1253
34
0
11
1
1
122
15
2
172
200
1848
26
3888
2
12
92
5
3145
2775
3281
0
367
3
3407
2970
48
12
0
0
1
401
3804
21
32
6
64
9
1179
10
1525
1
1286
1
286
182
2477
28
30
2
12
0
1313
777
3643
26
1
2
0
83
1
1
48
80
773
0
77
2
1
75
312
0
6
24
1
0
7
2136
0
3843
3637
1423
1604
693
546
0
930
959
25
0
883
3
1174
2339
1
2699
13
1
23
1
363
1
0
1650
302
1
0
1
630
3229
52
70
634
1183
711
6
1
9
218
2
47
1
0
2
0
1
0
2054
147
723
2
767
2
915
0
137
14
15
1
45
0
10
8
115
1
24
953
25
27
375
107
863
0
0
656
0
320
1
1
447
3439
1
244
0
11
3496
26
1
11
3
1528
3891
1855
49
33
59
33
814
1
224
9
1
249
5
187
7
2424
1045
3
0
573
15
24
675
836
3084
1
0
2078
2279
1128
81
195
17
0
37
0
243
88
203
1
4
1987
60
0
236
1
165
86
3
855
8
1
62
304
3142
82
0
1
16
200
1
20
1
446
44
0
106
1
78
61
2046
9
456
0
595
7
65
67
182
80
1
2161
39
1
9
45
320
30
0
82
5
302
0
13
3839
3
1
568
17
433
70
1
17
46
19
2
135
424
191
4
1133
2957
127
0
2
2103
0
447
0
2
1527
2578
0
0
113
351
2
9
1
0
2
131
0
15
496
1282
0
547
45
71
170
15
4
599
135
562
7
37
358
0
431
3
175
2899
0
79
3398
13
10
2
6
527
0
2447
49
81
1
814
17
824
3
45
8
129
610
442
188
13
2
11
34
36
0
38
5
57
0
649
2799
0
323
43
3
1000
13
452
2
1843
3100
645
194
412
3
2
1351
94
665
52
1271
28
1
186
138
8
129
282
42
11
2990
659
0
1380
177
368
0
1
77
3657
911
225
27
1493
0
399
41
597
183
1
0
0
44
169
137
693
201
56
1084
2
0
6
188
9
0
1881
1
218
1129
13
3540
14
1
1
1
1
0
443
3739
0
2582
979
0
230
1
51
256
3
2
3
0
143
4
35
1
1
1092
0
2210
2
173
1
220
114
2285
13
11
228
6
2
1454
94
395
0
1
0
6
2081
0
442
12
53
1421
0
0
5
3
1
168
0
13
0
15
62
0
1331
13
3975
0
758
33
1
19
1
5
194
84
68
122
389
0
1522
295
140
2
87
711
1
15
1
1454
1
2
1
2912
0
0
183
1
0
2
2
0
1986
11
15
25
178
1848
0
1277
537
1459
1403
1967
32
1959
50
105
0
1
1
57
2
1
46
7
3050
3
1269
1458
23
16
207
3
0
1062
317
437
1
8
1
9
959
41
738
7
1
1355
0
0
1
0
4
547
31
154
76
37
1
1
650
17
12
2465
737
0
6
0
1153
0
10
2480
428
3
116
1
11
0
1
43
2
50
1
1
1
11
75
447
156
1
368
63
3
0
214
0
0
122
3888
940
0
585
0
583
1
2703
13
889
271
2
686
0
3
6
25
0
2194
0
224
1
5
795
4
1
543
34
0
0
5
6
0
2
138
182
35
7
1893
12
1
3798
2
0
1
27
1
0
1
4
1
6
1074
1
619
0
24
2
3552
825
313
3
0
39
1
12
10
1886
4
23
102
2
1
1457
0
0
71
69
0
14
1
144
17
95
0
1729
12
555
483
49
1838
0
0
3
5
0
126
48
1
1645
16
35
1
0
2106
0
0
2
0
1
411
5
11
98
40
95
1330
105
8
1
0
1
48
4
0
0
318
3334
43
701
0
217
26
0
2445
2
0
32
0
77
321
0
0
28
208
3930
2
289
53
14
32
2359
95
2366
83
1
9
0
321
34
2347
786
361
328
1915
40
0
5
890
0
1
23
99
1
8
500
0
1481
97
11
1962
0
0
64
31
0
3169
1
3809
5
2846
9
7
113
5
4
236
0
13
66
1
1
31
712
2
0
0
141
237
167
84
1480
136
3165
942
105
1864
1677
8
498
3119
402
1
20
1322
47
572
10
3
4
25
0
0
1
96
1
759
46
276
607
104
954
1
1
2
33
0
64
249
841
1027
1482
50
24
0
14
0
5
1
1
2346
22
2337
46
83
125
126
137
1
0
630
0
1
125
1484
1
174
372
1
148
964
1
0
707
0
0
61
2
2
5
70
1
1
746
33
160
20
3
20
2134
23
1883
1101
8
197
558
0
298
0
0
7
77
1
72
10
33
37
2
1
789
685
2195
9
1
1
2388
0
10
74
380
1
1
101
27
1757
10
58
599
0
1035
3
28
34
0
1
144
899
1
0
10
198
2
3049
579
360
1
2
3
315
0
2466
2178
1
1043
15
805
1522
243
1798
19
3806
5
2806
993
330
3951
9
2281
7
66
164
36
1
76
6
551
39
2
94
35
134
631
894
4
211
1
2172
826
2087
718
311
0
0
2912
4
2962
0
3897
0
5
61
1
4
1389
2
0
0
15
334
1
2
2
31
551
667
7
0
1
260
130
288
0
1483
0
9
2
5
1234
836
1
1530
174
7
32
3
0
0
64
0
0
1
676
2500
3429
37
43
1
0
1
1447
0
21
1107
274
12
3
1
34
147
536
6
4
1
264
1
1
8
36
1
1
1241
1
286
0
10
1
192
0
19
2
50
2125
3636
18
1
434
0
1
698
0
1
1
1
4
1
523
8
120
0
3
320
0
534
107
108
44
130
98
0
49
514
3203
70
6
159
1
804
1
2
35
31
481
63
306
547
4018
0
2478
489
98
2158
6
0
58
5
534
87
49
2228
1150
14
0
582
109
429
6
3
3
0
0
0
1
524
0
16
1
1
41
723
19
77
7
3
1
1
744
0
52
0
3730
75
523
677
1
225
20
1702
2796
0
19
3454
18
24
1257
80
186
2
3688
0
401
220
1
74
393
40
825
801
3
46
133
7
0
1573
363
17
2
3233
4
6
0
0
168
1
1
74
5
0
277
3861
116
936
2
274
77
8
155
45
1
6
0
1
3
82
16
5
2
2384
12
1156
0
2
54
2990
3089
127
141
2720
0
1
289
86
563
1138
10
477
731
1
333
92
16
721
2
1877
2563
94
66
3
342
4
4
16
78
1
698
126
1
39
24
3387
22
338
0
3
1
1020
1
1
7
117
154
1943
5
29
73
10
1
27
128
2316
3
227
0
12
1
27
989
0
33
976
937
23
4
0
2550
0
10
3
2681
21
899
0
167
40
389
0
1
729
962
11
0
11
0
0
1
4
1272
506
1
1600
202
0
1451
4
0
6
2
0
2746
17
681
163
1
2
189
21
1
64
4
39
2636
571
3
229
16
0
137
354
924
4
180
808
1
1304
2
18
4
2465
1
0
0
4
0
1732
1
1
99
0
13
31
3640
35
1
5
1784
2
45
41
6
523
1590
286
0
1893
3
1
269
1
44
5
23
1144
29
1341
2243
40
1207
0
7
8
0
0
10
1615
1
6
1
109
0
1465
0
40
0
0
2502
335
123
2
2645
53
19
17
322
604
1197
3
21
25
66
54
2377
0
353
2
23
2
0
841
404
112
2074
70
2878
1609
0
26
520
26
0
3255
270
63
1
3
2
81
2923
5
389
1
1351
22
0
0
0
4
354
10
1
726
1
227
272
0
90
2
8
1
23
0
146
0
3
1353
1
102
2651
0
17
939
1685
301
41
1
586
5
1
0
1
111
0
212
1
1555
154
13
41
162
2913
1
19
23
22
377
763
1
2472
9
65
157
5
2
0
22
0
9
3285
1
590
10
273
24
676
137
0
109
2
192
2060
548
1
0
13
0
1
2046
2
1
778
2502
8
2
1337
57
10
1
54
8
0
1960
36
247
4
0
161
0
274
42
1473
763
2090
4
2
1213
8
1
501
0
3
2894
1417
0
2214
129
527
554
2
1
0
0
0
340
83
146
603
3
0
309
1
697
163
4
6
3
0
3
96
1
2874
3
83
45
328
79
1
2
0
1
20
9
0
9
2
4
164
355
1
4
52
0
6
196
33
0
1
532
916
1
0
6
1052
1560
1
0
5
58
361
1
139
5
797
192
1
256
8
81
1
0
31
3
0
2856
847
32
12
349
112
14
0
25
9
1
192
2053
2
0
14
0
1
2374
3908
0
731
4000
2
5
0
7
9
1574
3
15
39
734
2482
1474
494
2315
7
32
2937
1
0
192
1330
72
1996
1
0
190
1
4
0
466
11
154
0
8
991
403
0
5
156
1518
3
1
1
5
1
0
0
281
16
0
83
24
1230
1
4
0
1489
150
2
603
0
0
36
326
30
0
61
0
951
1
10
2
62
11
5
1
1062
56
22
27
0
5
88
37
0
3
1
1
3
47
50
17
0
10
29
409
0
6
1
356
0
2645
532
22
24
32
140
2331
3
151
922
0
340
3
797
2
0
76
1412
0
152
1121
1
1
0
580
3
1331
1
7
19
183
23
3
0
13
0
2808
0
64
1080
93
2091
43
2
12
5
1
8
0
2016
8
1
57
5
7
136
76
171
31
13
1
27
25
85
56
774
349
3356
77
0
1414
15
0
0
2
1
85
1521
1
131
2
5
918
22
2
9
145
0
1471
0
1
22
7
566
2
2
554
22
25
519
73
11
5
0
6
5
556
0
9
9
12
4
97
1
2
0
1
647
0
1
10
3
1
1
4
0
5
0
13
1
0
50
13
127
4046
7
161
299
0
0
0
103
463
389
0
0
2556
1979
1
18
0
13
512
44
127
1999
455
12
5
0
0
11
1991
571
1558
790
1
1
1149
0
31
0
1
0
0
690
2892
4
3
1487
1
3202
44
0
52
22
88
52
165
76
10
1052
88
56
7
9
2
1926
152
572
1
1
17
21
1985
1199
16
2
198
412
207
9
98
0
41
0
152
360
721
35
0
59
228
3
4
85
27
13
4
0
431
1
2
99
1
180
0
0
3
1
0
3546
501
0
609
34
656
1153
140
1
0
3788
5
1
0
276
138
0
0
0
435
3
151
0
2
40
1
256
37
189
2775
0
0
1
123
22
805
4
1000
21
10
818
1
3
10
103
147
915
224
440
0
1
0
0
1724
62
72
254
29
4
0
121
1
3
67
4
1078
86
36
3503
2743
9
94
395
1
106
36
4
46
0
16
56
0
18
40
3
0
12
1451
462
27
5
3394
1928
99
310
1702
32
0
2
3154
1
1
749
171
1077
2391
2
0
1
22
2
810
53
4050
1
21
1453
3
1096
16
1
13
1
194
108
109
16
0
10
142
0
0
0
3
209
11
14
1
2
0
11
50
650
4
1
1433
39
299
109
1
0
1576
0
0
12
25
1391
397
29
0
436
692
2
11
948
70
69
1
53
0
847
1087
11
0
0
63
179
0
1
24
1
665
54
4
341
18
9
2
2481
108
0
259
554
315
67
0
1
37
211
0
14
2
591
378
20
2605
134
14
7
488
0
0
3
292
3200
391
0
1
3154
10
12
0
3
5
1415
3
2
71
14
14
51
42
9
3
0
1
46
85
1132
0
1
927
60
1
0
7
407
2748
1680
1780
2
0
1038
43
9
3151
13
338
0
0
1577
0
3860
76
0
0
198
2
261
53
0
6
296
0
2915
812
1
80
32
62
0
3
89
0
1
1
1837
1376
0
1478
150
1974
1
152
95
77
837
865
0
36
474
4
6
413
2109
4
363
1509
337
14
4021
1199
26
1
12
36
8
30
21
238
1041
7
3954
0
4
13
482
3940
0
6
1
0
39
0
1
3858
3725
1
52
196
1375
26
226
7
86
1033
138
546
805
5
1578
0
0
10
1356
0
1618
12
1529
0
1269
2343
1
256
1
4
11
1
261
0
15
744
1389
10
22
12
22
0
2
521
1580
1
4
40
25
44
45
41
1
596
1
8
4
247
3297
882
164
161
1
52
1086
1
58
0
2
928
7
77
16
0
1
3
7
11
1
5
3
3662
0
81
1183
33
1
4
1758
354
1129
1101
9
38
0
53
0
19
354
1833
14
72
87
1350
4
937
1
10
3313
598
26
2
8
927
102
173
742
12
558
5
0
56
3
1384
165
3906
1
0
3
1
4
0
1
3
1113
1575
637
0
117
326
118
11
0
8
7
0
129
20
4
0
4
83
250
1964
1100
3
44
43
1
140
266
23
0
98
1
1
62
480
185
3
9
