0
0
0
1
1
0
0
5
7
3
0
115
281
10
9
0
65
0
0
0
172
7
254
6
96
1
188
11
0
100
448
0
201
76
0
0
0
1
29
30
57
0
18
0
17
67
1
5
6
1
36
1
172
1
7
3
8
26
1
115
151
66
0
382
1
0
0
0
28
96
4
11
6
12
50
165
11
375
1
2
1
0
140
96
344
220
0
31
0
0
0
1
12
1
0
4
76
3
0
140
7
46
0
75
4
1
3
46
380
59
4
161
0
132
0
304
27
87
1
16
228
69
1
314
186
3
1
2
4
0
15
81
1
7
210
1
309
2
278
235
1
7
36
397
66
57
0
141
1
0
2
0
1
2
0
1
0
0
0
0
0
7
5
182
69
0
0
9
1
3
13
12
0
103
2
12
1
198
1
1
0
1
480
30
97
21
1
50
108
43
24
1
15
2
100
69
0
0
14
6
19
1
0
3
21
52
2
17
17
142
1
0
0
0
334
472
1
15
291
10
8
3
3
0
1
0
0
1
11
242
2
23
1
12
2
0
0
0
3
267
256
15
150
0
31
130
0
0
0
2
157
0
263
189
25
23
0
0
0
7
80
23
8
86
45
0
0
0
5
4
0
6
147
0
106
374
0
276
0
0
1
0
3
22
1
5
22
8
1
2
43
44
0
0
233
51
0
23
1
0
135
0
0
2
4
5
431
15
237
56
40
397
0
0
0
0
1
0
59
297
0
13
0
14
0
0
2
325
1
0
405
62
152
2
160
0
1
2
448
10
11
4
4
62
0
2
0
0
35
1
200
47
0
0
108
3
13
420
6
208
44
0
3
0
362
0
303
216
0
7
0
84
161
0
178
0
1
4
21
286
0
11
6
24
199
49
32
95
0
63
66
8
4
2
0
7
6
56
0
0
63
0
377
0
0
205
53
0
12
0
185
2
0
270
3
164
0
5
11
140
0
254
0
2
0
0
7
11
0
0
5
44
5
1
0
1
244
6
151
261
0
0
0
41
0
71
0
3
13
6
66
43
90
51
6
103
0
11
151
9
113
0
39
0
0
0
27
0
3
0
0
0
0
2
105
0
1
0
0
1
62
2
31
7
1
1
1
53
46
47
1
9
31
163
9
1
8
367
260
57
31
1
1
38
25
2
0
2
26
0
0
17
