0
67
386
234
272
112
24
347
347
478
196
265
425
17
27
271
343
3
196
34
213
351
301
476
433
269
47
334
212
359
466
390
134
24
376
168
323
387
507
187
126
503
370
385
333
37
323
452
139
223
392
244
121
140
183
85
249
459
465
31
463
258
264
163
505
252
136
46
485
37
256
196
141
467
271
237
481
25
389
394
423
64
8
352
444
322
376
371
511
454
119
156
179
262
302
433
210
430
137
212
275
239
147
91
78
292
410
16
273
255
489
383
283
456
319
431
81
108
365
66
46
140
1
212
13
363
480
122
92
162
454
333
76
348
197
198
255
75
300
432
302
489
284
75
503
209
72
289
129
250
237
492
64
102
163
322
64
333
318
411
126
243
199
104
14
461
218
72
485
210
67
453
47
83
36
187
129
69
400
233
178
231
414
477
333
110
347
465
128
440
241
259
307
418
386
236
487
323
224
422
352
359
505
488
435
148
275
263
52
211
295
448
225
373
445
366
409
361
379
9
453
268
237
33
365
250
341
349
102
469
443
455
278
71
230
506
110
228
161
263
451
225
239
413
186
108
511
78
322
315
0
0
395
372
163
213
349
348
105
428
362
424
48
41
391
322
109
109
41
199
487
485
199
137
354
145
397
401
216
144
99
5
98
503
124
419
69
203
307
90
424
80
505
131
119
52
112
324
356
406
356
385
342
324
28
306
116
163
358
60
390
269
283
301
168
359
73
82
248
440
416
285
378
161
69
270
159
301
265
220
132
189
201
228
243
198
142
40
189
130
343
346
263
373
369
483
235
481
164
235
264
338
205
310
505
77
343
176
277
267
424
7
140
329
279
469
136
496
126
432
355
233
418
11
82
361
362
223
298
384
507
356
143
385
87
2
253
40
83
462
400
382
223
3
299
265
34
278
199
110
197
320
337
363
275
143
417
190
351
158
4
53
266
397
112
28
36
82
370
152
25
244
234
266
228
76
146
426
356
295
348
169
29
505
277
0
438
15
193
250
295
378
347
274
18
62
498
96
179
314
311
64
283
488
182
429
498
132
128
217
416
459
125
389
355
231
134
340
59
107
58
280
3
90
306
221
42
351
192
428
63
498
15
41
253
393
478
128
184
393
255
383
344
349
387
18
118
113
288
334
315
190
115
119
334
84
380
81
24
338
63
