0
538
3094
1878
2182
896
192
2780
2782
3828
1570
2127
3403
141
218
2169
2749
31
1570
273
1710
2813
2412
3811
3465
2158
376
2678
1703
2872
3728
3121
1075
194
3014
1344
2591
3098
4059
1496
1011
4024
2960
3085
2668
297
2587
3623
1117
1787
3139
1956
973
1126
1471
682
1992
3676
3724
248
3705
2066
2114
1306
4041
2023
1090
371
3882
302
2050
1573
1134
3743
2169
1902
3854
205
3119
3154
3390
513
64
2819
3556
2578
3015
2971
4093
3639
955
1254
1437
2102
2421
3465
1687
3446
1103
1701
2200
1916
1176
730
629
2341
3286
135
2189
2041
3913
3065
2271
3648
2559
3449
654
871
2927
534
372
1124
12
1696
110
2907
3841
982
740
1300
3633
2670
615
2790
1580
1588
2046
604
2405
3463
2417
3913
2277
606
4027
1674
580
2313
1032
2000
1900
3936
516
818
1307
2577
519
2667
2546
3289
1015
1951
1594
832
116
3693
1746
581
3880
1680
537
3627
377
664
291
1496
1036
553
3207
1864
1431
1852
3313
3816
2669
881
2783
3722
1024
3526
1930
2072
2459
3348
3095
1893
3896
2591
1799
3377
2822
2876
4043
3909
3486
1185
2201
2107
423
1695
2362
3590
1802
2989
3560
2931
3279
2893
3038
78
3629
2150
1897
267
2922
2002
2734
2793
817
3754
3546
3645
2228
570
1844
4052
882
1826
1293
2108
3610
1801
1915
3304
1495
866
4092
629
2582
2524
2
3
3167
2979
1307
1710
2795
2787
840
3425
2903
3394
387
334
3129
2578
875
874
332
1592
3900
3881
1596
1102
2835
1163
3182
3210
1730
1155
794
46
785
4027
999
3357
558
1630
2461
724
3392
646
4046
1053
956
416
898
2599
2850
3255
2851
3084
2742
2594
231
2450
929
1305
2866
481
3123
2155
2268
2408
1350
2879
585
662
1987
3523
3331
2280
3026
1294
554
2164
1272
2408
2122
1764
1060
1516
1609
1830
1949
1588
1143
320
1514
1040
2751
2769
2105
2984
2952
3869
1887
3850
1317
1885
2118
2708
1645
2480
4040
616
2744
1408
2218
2141
3396
61
1123
2633
2236
3759
1092
3973
1010
3456
2842
1866
3346
90
658
2895
2899
1788
2385
3079
4061
2849
1144
3087
701
17
2030
327
667
3699
3207
3058
1787
25
2395
2123
273
2228
1596
884
1580
2567
2699
2905
2206
1148
3342
1523
2810
1270
38
425
2133
3178
903
226
289
656
2964
1216
207
1957
1872
2129
1828
615
1171
3414
2849
2366
2790
1356
235
4042
2221
6
3506
120
1546
2005
2360
3026
2782
2196
145
501
3986
771
1439
2515
2488
515
2264
3907
1461
3432
3990
1060
1030
1738
3330
3677
1001
3115
2846
1850
1079
2725
477
858
465
2240
24
720
2454
1769
337
2815
1537
3425
506
3986
121
329
2024
3151
3825
1024
1473
3150
2047
3068
2752
2792
3099
148
944
907
2304
2673
2525
1521
920
957
2674
679
3047
654
195
2711
511
3887
1983
2543
3743
73
2431
2956
2034
219
1808
2126
3161
267
1813
4002
1915
1347
1826
3044
841
701
1525
3849
3952
1044
288
507
2155
655
2120
430
3447
1509
1736
1340
2922
2362
3571
3105
3426
2866
1593
3830
2480
1483
2209
1863
1645
984
340
1726
1934
1186
429
886
3285
2160
2739
3537
998
2914
1079
1568
331
1883
953
3257
2012
13
1090
2722
1741
765
3946
549
3259
3875
701
2482
261
1423
1197
2087
3382
3417
2975
1349
3285
2587
185
169
627
3141
252
2127
3805
903
837
364
2865
2893
2026
1072
2914
1549
821
952
1786
1923
3527
4002
1820
140
2145
129
3085
2423
3370
1349
950
2197
1763
1653
4044
3960
3483
3553
1276
607
4086
2619
1917
3817
2829
3339
2218
2346
652
3871
3364
636
168
1407
450
395
2124
91
2299
3509
2117
2762
3019
2860
93
786
2748
1416
271
576
3772
907
1556
2400
685
107
2830
3122
2923
316
2415
3790
3808
1763
2072
3404
3765
2464
2964
2127
2010
661
3998
2352
1119
2176
2861
2732
399
2247
2501
2735
2028
2341
2412
1807
619
2057
2995
129
211
2138
1313
143
1004
439
1568
2260
2446
2503
3830
3162
2101
1993
2662
2854
1669
1994
1965
2910
2188
1133
2480
1147
2881
2172
3843
964
1693
2447
3207
3769
2791
3363
2160
943
588
3684
1029
2668
19
3833
1127
3517
1142
3901
2075
503
1705
2877
1787
441
3138
409
1807
1411
1216
3103
1386
1354
227
2347
1987
829
468
3990
3541
2014
1504
3296
664
653
236
611
1917
1558
3619
1737
1688
2667
1262
246
3335
3676
3766
3691
3154
699
2344
128
3290
2138
3529
1135
3561
2403
1594
3325
2153
3849
1720
2375
3068
3607
1384
776
3043
2944
3601
298
2908
3600
1472
368
659
1707
394
2763
2304
3330
3597
3151
2601
3672
3597
1992
463
1546
1567
2816
498
314
586
1956
2902
974
1601
3997
2575
2790
3722
1484
3519
3253
1756
301
2042
1981
1846
2046
3034
3820
1229
598
450
328
3983
1671
976
3945
3413
811
530
804
1389
2357
1803
2398
1773
1508
1565
2458
1759
609
2745
4077
2859
1649
3478
3356
3249
1532
39
1965
2617
2648
2641
3272
1545
1465
1595
1369
2840
593
1194
2731
3499
1289
590
2466
22
3771
1564
2115
1410
1081
1191
3414
509
2599
199
1876
1543
638
3095
2727
47
3255
2297
1182
1702
1313
2107
2945
3449
949
1904
1529
204
302
829
2319
3405
1730
3438
1200
742
1464
3826
2414
1511
1896
2571
3868
1662
206
1822
2440
3065
3539
536
428
2725
3413
2380
2697
4022
77
3774
797
3963
2142
1141
2948
2418
3428
3418
2702
2991
2633
1431
2190
2720
1324
3560
1811
3760
1133
3898
480
1703
3425
3942
1363
2155
2195
3350
3808
2715
996
3856
2444
516
1011
3632
803
667
3424
2467
2552
3435
2751
1603
3568
2733
473
0
2769
2575
1861
2352
132
1439
3502
1518
2709
2361
245
3049
1144
1812
722
376
3675
4064
2433
135
2830
1995
2332
3668
1779
2820
832
1973
1115
3879
1000
3904
1953
520
3938
3510
890
28
3205
206
3932
2627
2348
561
528
3377
2055
2686
2068
2156
484
3698
2739
1136
1583
1603
3404
995
505
2983
2654
824
3476
92
432
769
1478
3193
2945
2729
2379
1438
643
1196
692
916
2749
1657
3631
2373
1400
1790
2865
3417
3243
3477
1155
1084
696
2185
299
4090
3072
500
674
1741
3167
874
1777
135
3806
434
1090
1974
3247
1054
876
1156
1559
852
3803
3129
2525
2358
1459
3718
810
467
3240
2859
74
3063
469
3665
2681
1416
1566
880
1356
72
3745
3217
1611
2990
3406
3595
530
1406
3858
1483
1442
330
2342
3180
3457
2020
3347
2632
1783
1443
1430
1153
3764
2564
3049
645
3180
1032
2506
3500
1288
2492
515
1530
545
1072
516
830
3074
290
1879
3945
961
809
2801
333
3498
624
492
3314
3867
186
246
3398
578
3281
931
1635
2454
2683
220
4040
3327
1694
130
442
3991
3551
2748
3417
975
2936
2415
911
932
6
1834
1678
3821
92
2103
1542
3520
3251
2496
1359
2555
2678
2639
1061
106
4042
850
2630
2295
1543
494
1839
564
2399
2222
1980
3631
334
1485
412
1225
3447
3739
3391
3974
3331
3268
3439
1837
2630
2842
3341
1917
793
1644
3811
1913
1550
2120
932
3683
4038
561
1877
2822
1142
1676
3030
128
1244
789
3330
1125
2939
1673
3215
2958
2363
2592
3271
1
2571
1418
1932
2016
2169
1304
3514
565
1634
1584
3467
229
1871
3135
1198
3940
4092
3037
1432
3262
815
2460
2223
1030
825
2357
2104
3062
2490
4053
3270
2272
600
438
2145
1008
2341
1369
2779
284
3459
3589
1360
595
3047
2711
1649
2396
2275
2023
2517
3788
2514
1050
162
2542
1406
98
702
2501
1736
2328
2991
1531
1497
1541
354
2388
1712
453
1332
2806
2310
3571
2178
3991
246
1947
451
4063
2250
2861
521
1945
243
1823
3760
1800
3516
4084
2249
509
3466
779
2721
2688
3986
1874
652
570
1160
3985
2449
3490
257
3791
3888
1911
1156
1885
1764
3547
813
1576
3109
3335
2755
2955
2799
1286
690
2818
3772
678
15
722
729
811
2737
2762
2119
1324
1912
1314
383
3565
1823
605
2670
3858
3614
2707
835
697
65
677
446
1479
2298
3947
1005
97
123
3629
3630
3740
2242
706
1994
3335
3836
2388
2248
1932
3085
1361
706
2101
1558
3392
3960
19
1234
1861
3647
3455
1025
3006
3438
1732
2901
1662
2155
2152
374
1653
3203
1084
1260
757
3099
2542
2643
1340
631
755
1864
2183
665
3791
1675
127
685
2314
4036
574
1366
1266
1451
667
1319
1554
2627
2467
154
1372
320
2228
2011
1179
1035
1799
2697
1333
6
3984
413
1304
3913
1430
677
4036
476
171
3936
3216
902
415
1042
1792
995
1157
2249
3613
3488
2746
2283
3104
3694
3495
3111
958
4089
1070
1536
1226
3053
4062
3138
1755
2628
1899
419
744
3536
2061
3813
3678
1192
2576
3995
2228
3402
224
776
3994
3134
3563
132
2123
1537
3971
791
936
2445
3672
2250
347
3182
3158
2901
212
3619
293
4074
1105
2047
2815
3065
3869
2825
3734
701
3339
1158
1973
3730
2880
1635
689
3696
860
2246
1526
1077
3304
965
2698
1374
2138
1855
2485
2732
89
3355
1545
2219
3971
3056
3249
3107
1856
1666
1000
2876
875
2708
1667
1132
1405
1234
2819
3908
3187
3695
88
3990
220
1679
669
3260
47
2465
3774
450
2232
299
2279
1570
1971
1601
1673
2290
3854
2863
2415
45
1158
1586
3054
2317
2270
1100
479
661
1451
3310
1088
785
1697
2654
2169
298
1924
1552
404
2020
544
885
1795
1446
4070
3654
1433
1798
3283
4022
1233
2361
2260
586
2074
2047
2988
338
889
708
1577
1534
1082
674
3508
1005
3659
3240
3949
1027
1163
2252
2944
2110
1992
1441
3516
1688
83
3750
3930
2329
4087
1640
2407
3302
1672
177
2234
532
2353
3969
2790
848
2309
3402
1199
1253
4005
4034
2390
1363
2136
337
3308
2792
2436
836
820
671
1150
808
3248
3571
3232
371
655
1011
3118
2117
1604
3555
1362
2444
3195
4041
3909
3370
3182
2811
3448
2572
3147
1624
2397
1720
3283
1956
2829
3332
2256
1207
2404
1942
3680
1758
1064
1900
0
2695
376
2303
2781
2734
3052
2672
4022
1145
3206
21
355
242
3796
879
3200
1038
1173
3023
1211
1938
3727
3780
3652
1026
3081
2801
1917
1941
855
2074
3677
3420
3926
3985
3761
609
1076
1624
3159
3156
3177
1861
1714
2606
2650
3039
3397
1114
3195
738
491
3226
4062
316
1740
3445
2594
3869
1762
3874
3270
1544
1010
3394
170
936
385
3528
178
3910
3376
3559
2097
3072
4089
1709
866
1653
446
1482
396
835
1585
3373
3683
3956
3346
1707
3348
2969
1878
1700
2427
2471
2734
4044
3027
17
2561
533
3670
2776
1344
970
1849
2788
1060
597
2882
2452
2830
301
3603
831
887
3000
3217
3924
2930
3032
799
882
83
3437
3116
895
1721
1108
2772
3423
206
2551
2595
1874
448
2970
71
1690
2204
418
2622
1784
113
993
1351
2588
1539
2230
3149
323
3124
197
756
1926
3434
1386
1508
3497
3222
1140
3339
2880
3677
3565
1690
745
2271
2174
1437
2970
3981
963
576
973
3283
3368
1642
3554
2467
158
3093
1997
4008
1455
2989
676
3599
1271
2775
615
1179
3713
90
2423
3869
3396
2326
865
124
2384
2628
635
279
1259
2352
1509
860
143
3100
267
1127
3156
1532
1240
1451
3961
2548
2858
1419
632
2113
2316
2852
2822
3308
1879
3015
662
1342
51
1804
3299
3821
2308
2322
2357
4045
2983
455
2092
1820
1944
2232
2396
608
2972
2152
1413
2407
134
3723
3103
2080
1675
1897
665
2839
142
2837
703
1026
3879
3045
3359
1182
1362
2685
3420
1737
1807
1767
241
1569
2639
2121
855
3022
2821
2102
1503
2057
506
1702
3331
119
2214
474
3001
2588
2251
2092
2895
2097
2953
3996
2888
3876
1565
2581
755
2001
1245
2813
2868
3479
2008
3278
734
1842
958
96
2161
3570
1388
1878
2763
768
2444
1462
3362
1733
212
3461
568
3784
3506
3359
91
3993
1128
3014
406
3395
3203
50
3266
2479
70
2241
2567
119
1277
2363
1313
2669
3335
3013
3018
2812
531
3089
1295
13
426
2332
3620
867
2523
986
3597
363
1544
2431
3292
1596
2653
3267
258
4017
2424
3938
1356
3537
1026
1936
650
3566
2927
162
294
3236
761
169
974
2796
789
2668
1410
1119
1298
93
4014
935
2712
906
3804
252
3220
1181
2667
1575
742
3033
1053
2185
99
1155
1981
3829
3963
2404
3626
1415
3560
26
785
1277
924
2089
3350
902
2227
786
749
2640
3660
2027
1144
569
1440
752
2839
337
176
1476
999
1215
2337
1573
1438
3549
1184
3763
1313
3060
2713
3251
3825
2113
3256
3314
1259
2367
1322
410
242
2827
798
1775
2113
1322
2225
4030
2508
28
4019
2158
2634
2569
783
1168
703
1816
3804
590
1627
3573
802
3096
3282
3558
3376
1344
2338
2470
345
3300
447
1709
3047
1325
2702
2063
2075
3680
720
1855
1097
1674
1862
3909
3927
1975
713
2805
2112
3713
2443
1640
3043
4015
1416
1557
3944
3395
407
543
427
3217
3253
3195
1556
1437
572
996
396
99
495
2883
2921
363
2373
3813
2407
2415
4076
2361
264
1116
1539
1051
976
3319
4025
1124
549
182
2628
2370
2685
2192
1438
3766
3601
317
702
3489
1980
3918
393
2448
504
1776
493
1624
549
2708
1726
2759
1056
1939
2334
3196
766
954
632
2595
2460
1988
397
127
1406
3215
3756
1692
3814
1089
1005
1667
3276
581
2403
2428
3325
2787
2115
3372
2698
2258
1570
3091
796
523
2292
2344
2874
2488
1081
3154
481
1569
209
504
193
675
3252
1415
1147
3448
914
532
2081
1075
1225
1165
451
2091
600
4014
3368
3712
2816
1263
926
2721
667
813
2863
453
337
153
520
760
958
3470
3513
1191
1509
1960
823
2724
2824
178
3127
932
53
3616
965
2926
754
258
3590
2621
222
2335
3837
3822
3626
1473
1318
2212
719
3953
666
2948
4037
659
2637
2705
3843
297
3185
783
1813
2033
538
2038
1396
1565
1500
2575
2971
3832
3166
5
3547
2070
1722
1609
2683
2203
2555
1558
1938
3846
3153
3137
1080
3185
360
2712
2318
3721
1240
243
580
1940
2947
39
3081
2552
264
2504
2830
2021
4079
3144
2383
3164
101
1256
1910
3939
1696
633
873
1502
3420
2432
759
2373
3348
219
1913
3159
1615
1778
1334
1215
3730
1235
2092
2520
617
1027
3858
4030
2061
3690
2008
9
1129
4095
3701
102
193
239
3695
632
2191
3847
1253
1194
1501
375
3934
1824
2701
1830
2390
3884
2117
2066
1523
2816
2205
1718
181
3292
411
3927
2376
2805
2628
445
3343
247
2597
2145
687
1533
3046
2674
2744
471
3029
2454
3815
876
250
2372
1486
3965
720
3333
1083
3702
2310
197
1969
4062
2865
483
3331
2000
8
812
289
1708
0
431
3983
1741
2441
3751
1289
132
3291
2508
932
1654
1092
1923
828
1555
2645
4039
2403
987
1757
2831
874
1104
3905
88
1448
1964
547
2815
903
1134
560
2324
2795
2940
2948
3213
1062
1634
4084
635
805
484
639
3415
250
1133
2535
2397
1441
3906
1468
2018
599
1104
2133
2367
3534
1246
3905
49
3522
920
3716
1049
3892
985
3693
474
1505
2108
68
1690
1341
1150
2388
3384
3809
3833
3573
448
3753
2112
3500
546
558
2609
589
2888
2571
3564
3549
1069
2502
99
2162
3927
1503
3822
2252
3941
1212
2988
2365
1867
766
702
3159
2281
2246
1369
106
1967
3127
3981
1986
3406
3212
562
119
1499
3514
1485
2990
2651
1361
1417
982
554
3325
1418
416
3721
797
2140
950
2110
835
750
270
2053
4018
2058
2160
1447
1493
1338
1133
2510
1850
4074
2032
3565
3821
3373
1825
158
1107
2897
615
3926
3548
2504
3835
3344
3762
3887
143
1565
705
1117
1165
1181
2227
947
8
572
129
446
2518
806
618
648
2501
2250
1565
2436
1855
2826
2989
1252
582
3678
439
2582
3966
2459
540
2575
524
3797
3656
122
2485
2804
159
2460
953
3305
685
1225
279
656
1985
3329
2798
2018
578
2167
3716
1780
944
1928
1018
3320
897
1185
2674
854
924
1299
374
1509
32
3584
3529
812
2831
2028
1055
2127
3879
440
1152
2321
815
465
3694
3482
2500
28
3390
920
80
3496
3646
2631
2629
15
3546
965
385
1018
3527
1840
2124
2436
1989
3088
22
1066
681
3562
2267
3382
3995
2074
2826
2536
2824
107
1110
743
1723
4071
959
563
1726
786
418
1397
1764
2786
1890
1272
2590
1595
3104
1942
1730
2634
2319
285
1772
1906
2470
2522
1946
3982
947
621
2108
1765
4009
4058
1742
3346
2743
2193
806
1242
3204
3843
797
124
595
1237
2993
1362
1998
4047
3132
1822
115
2701
2690
685
449
1017
3187
2160
1818
2161
631
2669
2432
587
3419
3737
2466
2897
817
260
1998
1556
2867
3457
1675
1032
3688
966
716
3138
3784
3334
2289
2248
1991
168
2181
3204
2430
3749
648
152
2943
2091
1666
239
45
280
240
450
4002
1571
986
78
1481
1714
3361
3852
1288
2227
1367
3672
2644
2172
1513
925
627
3741
190
907
2489
926
2325
750
1706
751
2593
3195
2851
158
1006
2209
3405
1895
2645
3951
2988
3721
1371
2336
3952
3947
2424
2624
109
2035
2268
3068
1188
1586
2037
1811
1237
3800
30
1303
3085
4027
1755
385
23
3555
1854
1939
1798
1413
2756
81
2260
1282
1668
3205
2030
2209
1208
2274
3537
1532
1367
623
3548
4046
451
1122
59
2375
3565
2538
382
3293
3725
4009
3104
851
3478
705
4077
2721
1419
3164
946
2276
2250
1286
365
2276
814
1634
3808
545
2026
407
1485
2356
3094
1528
2787
450
1814
3788
2264
3784
2952
2729
2865
102
3214
1059
3516
541
3236
492
1890
3073
2067
30
2096
2491
69
1148
1777
764
3837
3800
3190
1770
2024
297
329
2564
3870
157
2899
1763
2085
1646
323
1098
1503
1012
1524
3564
712
1975
393
303
3911
1066
1593
796
2502
4046
808
2354
1860
696
1503
5
3122
1411
399
1903
2834
3944
902
2648
724
3703
3322
3474
1008
42
2325
1876
1084
2099
1828
3683
216
1521
3742
2160
2583
138
3996
265
1447
2218
3472
1840
3936
1868
3515
76
3554
3469
27
428
1447
33
2567
2692
3047
2619
1052
2452
1987
171
585
3086
2014
3698
1210
3574
3964
454
2341
565
2944
1844
3175
3573
2996
2892
1682
3365
3331
3452
2147
1643
2404
1809
3015
3029
1111
3929
3036
2812
1742
1693
3459
148
464
3646
2803
1687
1178
3547
1020
2875
2709
1726
77
2511
1975
1330
512
2111
1658
1742
1975
3238
1365
3502
205
8
1639
2281
2495
3366
1754
1479
1748
3266
406
1983
1949
1943
2330
54
333
1339
1558
988
2605
3864
793
1776
244
2503
2424
3551
3627
3271
3339
214
3258
352
585
1665
882
317
1272
3172
2493
948
3975
2271
3628
2304
3115
2601
905
918
1707
2045
424
3048
1800
3793
3201
487
3173
3390
192
3924
3342
724
2300
498
310
2209
1096
598
2371
4007
2622
325
3751
591
3121
3560
2087
1695
3916
557
3193
3272
3907
617
2270
1076
3730
3151
1686
382
1863
1743
3004
2654
3242
2723
2544
1210
2253
4035
2803
970
3069
36
2446
1515
3378
759
856
2723
3689
2517
1252
2947
1338
3165
1905
531
576
853
3359
3500
1134
3227
3568
2800
3230
3052
959
3188
2331
3161
3769
4024
4007
3736
3337
2854
3539
1715
3730
132
2580
2030
3402
1096
2317
2062
3195
6
2154
1181
2579
3315
259
3310
1686
2222
2731
2054
1467
3885
2086
1324
2566
3787
3890
1957
1769
2168
197
522
2922
1115
550
3111
3228
3468
1852
2802
865
1393
1869
2339
3291
3764
669
2346
4066
357
1593
2663
1399
1794
853
1673
3331
2622
1784
204
1161
928
1489
1243
2100
767
1389
1013
3429
3262
2192
1868
1576
4036
342
681
453
745
1097
3637
2284
3074
3685
1162
3690
669
980
3056
3325
3320
3405
484
1768
3806
3031
3134
896
1380
2409
2379
3554
797
2794
2398
1832
4069
736
2839
2332
3282
1798
1117
1905
1816
1743
3250
1373
638
3749
2721
550
3187
598
1339
3902
2223
1571
551
3780
1554
2990
648
2267
4038
3547
3955
788
698
3545
1582
922
3311
3760
348
2240
1067
1150
3699
3261
1121
1196
189
900
1580
3818
3163
143
934
2186
1388
2452
2796
1896
1946
2286
861
3167
2493
1831
3731
2322
1077
1204
3137
241
3249
2191
688
3435
3244
2261
3258
1099
3591
3618
1233
3393
1852
2462
3640
3615
3556
2075
3720
1138
3190
3156
3127
722
3946
1444
1063
2860
3150
4076
3411
2467
2217
549
2058
1584
1634
887
1386
4053
4038
573
1813
3355
2318
3525
3868
3720
1116
1332
4081
23
393
718
3778
154
3535
2743
2965
2859
114
4059
1824
1242
391
3530
372
346
3638
1911
1224
4006
377
2038
1347
2756
2986
1645
727
3866
2561
302
3972
629
2158
3189
803
2191
3835
974
3383
272
380
2051
2341
182
2125
1835
1817
728
343
2510
2436
2142
1547
2736
1527
2202
260
2891
2124
3617
3681
3706
2076
1407
451
3751
229
2239
1181
4073
849
3113
4042
1226
2468
3489
981
869
3146
3847
358
3890
3751
634
1833
2666
1021
1846
3449
2969
2077
1097
981
1937
2760
3408
4095
3888
1718
2401
1947
2409
2746
438
2585
2805
1241
3068
2873
3521
1296
3022
1161
1129
2691
1435
2591
92
513
1995
2656
1335
1213
1510
613
2352
3211
3335
2591
1678
3044
1050
1897
2702
2079
285
3520
1950
1269
3477
2210
1469
936
1673
4066
2440
2556
3575
449
254
2887
586
1660
3271
3282
729
1348
2482
3615
397
2335
229
2136
3647
3039
2904
2105
349
3404
3095
1872
3882
2080
1551
518
1710
3699
1753
3911
191
1097
1847
524
454
2034
3153
715
3215
3309
2134
1001
2627
832
2351
1408
16
3071
2509
2112
3723
2931
3522
2586
1943
526
2985
68
59
740
413
2156
941
1387
351
3844
211
1997
758
1981
1464
2403
1399
2033
695
1199
4015
134
1922
3516
918
2191
1313
3492
3120
1433
3134
2818
2216
2303
1603
1308
4055
1757
1017
2131
2327
2928
1040
1134
2592
784
1956
3860
710
3718
3364
3709
2888
2483
2377
1233
584
2305
1635
953
3909
3525
1233
2653
1430
3129
4077
3323
2473
4093
3210
789
2764
3455
3072
1973
1010
3190
3921
2447
578
256
2109
2174
3881
356
2502
3817
181
896
3327
902
2924
1626
1987
4009
1515
2078
1097
1662
3510
526
704
3401
2992
2086
4054
3678
2904
1352
4061
771
1110
3647
1076
3670
3666
744
424
747
1504
1634
3430
51
2993
2362
3944
3657
2912
1570
2485
948
3846
3105
1121
3147
422
1586
2348
1488
1222
236
517
41
1688
1513
630
451
1778
3292
1176
2812
690
3580
2150
807
411
1283
796
761
192
1962
2881
537
710
3140
3168
1674
3059
844
1530
2667
1467
0
420
1197
451
2158
1559
1540
865
4072
1186
1754
985
3018
2101
47
287
2493
2242
1878
3829
1238
3707
1789
3510
755
1226
3307
3372
840
2485
1721
1524
295
906
1332
3066
1373
3403
755
2936
3355
29
2879
352
3722
3688
2433
2473
1798
77
3221
1888
1191
2040
2620
3831
2347
3239
2065
285
