0
269
1547
939
1091
448
96
1390
1391
1914
785
1063
1701
70
109
1084
1374
15
785
136
855
1406
1206
1905
1732
1079
188
1339
851
1436
1864
1560
537
97
1507
672
1295
1549
2029
748
505
2012
1480
1542
1334
148
1293
1811
558
893
1569
978
486
563
735
341
996
1838
1862
124
1852
1033
1057
653
2020
1011
545
185
1941
151
1025
786
567
1871
1084
951
1927
102
1559
1577
1695
256
32
1409
1778
1289
1507
1485
2046
1819
477
627
718
1051
1210
1732
843
1723
551
850
1100
958
588
365
314
1170
1643
67
1094
1020
1956
1532
1135
1824
1279
1724
327
435
1463
267
186
562
6
848
55
1453
1920
491
370
650
1816
1335
307
1395
790
794
1023
302
1202
1731
1208
1956
1138
303
2013
837
290
1156
516
1000
950
1968
258
409
653
1288
259
1333
1273
1644
507
975
797
416
58
1846
873
290
1940
840
268
1813
188
332
145
748
518
276
1603
932
715
926
1656
1908
1334
440
1391
1861
512
1763
965
1036
1229
1674
1547
946
1948
1295
899
1688
1411
1438
2021
1954
1743
592
1100
1053
211
847
1181
1795
901
1494
1780
1465
1639
1446
1519
39
1814
1075
948
133
1461
1001
1367
1396
408
1877
1773
1822
1114
285
922
2026
441
913
646
1054
1805
900
957
1652
747
433
2046
314
1291
1262
1
1
1583
1489
653
855
1397
1393
420
1712
1451
1697
193
167
1564
1289
437
437
166
796
1950
1940
798
551
1417
581
1591
1605
865
577
397
23
392
2013
499
1678
279
815
1230
362
1696
323
2023
526
478
208
449
1299
1425
1627
1425
1542
1371
1297
115
1225
464
652
1433
240
1561
1077
1134
1204
675
1439
292
331
993
1761
1665
1140
1513
647
277
1082
636
1204
1061
882
530
758
804
915
974
794
571
160
757
520
1375
1384
1052
1492
1476
1934
943
1925
658
942
1059
1354
822
1240
2020
308
1372
704
1109
1070
1698
30
561
1316
1118
1879
546
1986
505
1728
1421
933
1673
45
329
1447
1449
894
1192
1539
2030
1424
572
1543
350
8
1015
163
333
1849
1603
1529
893
12
1197
1061
136
1114
798
442
790
1283
1349
1452
1103
574
1671
761
1405
635
19
212
1066
1589
451
113
144
328
1482
608
103
978
936
1064
914
307
585
1707
1424
1183
1395
678
117
2021
1110
3
1753
60
773
1002
1180
1513
1391
1098
72
250
1993
385
719
1257
1244
257
1132
1953
730
1716
1995
530
515
869
1665
1838
500
1557
1423
925
539
1362
238
429
232
1120
12
360
1227
884
168
1407
768
1712
253
1993
60
164
1012
1575
1912
512
736
1575
1023
1534
1376
1396
1549
74
472
453
1152
1336
1262
760
460
478
1337
339
1523
327
97
1355
255
1943
991
1271
1871
36
1215
1478
1017
109
904
1063
1580
133
906
2001
957
673
913
1522
420
350
762
1924
1976
522
144
253
1077
327
1060
215
1723
754
868
670
1461
1181
1785
1552
1713
1433
796
1915
1240
741
1104
931
822
492
170
863
967
593
214
443
1642
1080
1369
1768
499
1457
539
784
165
941
476
1628
1006
6
545
1361
870
382
1973
274
1629
1937
350
1241
130
711
598
1043
1691
1708
1487
674
1642
1293
92
84
313
1570
126
1063
1902
451
418
182
1432
1446
1013
536
1457
774
410
476
893
961
1763
2001
910
70
1072
64
1542
1211
1685
674
475
1098
881
826
2022
1980
1741
1776
638
303
2043
1309
958
1908
1414
1669
1109
1173
326
1935
1682
318
84
703
225
197
1062
45
1149
1754
1058
1381
1509
1430
46
393
1374
708
135
288
1886
453
778
1200
342
53
1415
1561
1461
158
1207
1895
1904
881
1036
1702
1882
1232
1482
1063
1005
330
1999
1176
559
1088
1430
1366
199
1123
1250
1367
1014
1170
1206
903
309
1028
1497
64
105
1069
656
71
502
219
784
1130
1223
1251
1915
1581
1050
996
1331
1427
834
997
982
1455
1094
566
1240
573
1440
1086
1921
482
846
1223
1603
1884
1395
1681
1080
471
294
1842
514
1334
9
1916
563
1758
571
1950
1037
251
852
1438
893
220
1569
204
903
705
608
1551
693
677
113
1173
993
414
234
1995
1770
1007
752
1648
332
326
118
305
958
779
1809
868
844
1333
631
123
1667
1838
1883
1845
1577
349
1172
64
1645
1069
1764
567
1780
1201
797
1662
1076
1924
860
1187
1534
1803
692
388
1521
1472
1800
149
1454
1800
736
184
329
853
197
1381
1152
1665
1798
1575
1300
1836
1798
996
231
773
783
1408
249
157
293
978
1451
487
800
1998
1287
1395
1861
742
1759
1626
878
150
1021
990
923
1023
1517
1910
614
299
225
164
1991
835
488
1972
1706
405
265
402
694
1178
901
1199
886
754
782
1229
879
304
1372
2038
1429
824
1739
1678
1624
766
19
982
1308
1324
1320
1636
772
732
797
684
1420
296
597
1365
1749
644
295
1233
11
1885
782
1057
705
540
595
1707
254
1299
99
938
771
319
1547
1363
23
1627
1148
591
851
656
1053
1472
1724
474
952
764
102
151
414
1159
1702
865
1719
600
371
732
1913
1207
755
948
1285
1934
831
103
911
1220
1532
1769
268
214
1362
1706
1190
1348
2011
38
1887
398
1981
1071
570
1474
1209
1714
1709
1351
1495
1316
715
1095
1360
662
1780
905
1879
566
1949
240
851
1712
1971
681
1077
1097
1675
1904
1357
498
1928
1222
258
505
1816
401
333
1712
1233
1276
1717
1375
801
1784
1366
236
0
1384
1287
930
1176
66
719
1751
759
1354
1180
122
1524
572
906
361
188
1837
2032
1216
67
1415
997
1166
1834
889
1410
416
986
557
1939
500
1952
976
260
1969
1755
445
14
1602
103
1966
1313
1174
280
264
1688
1027
1343
1034
1078
242
1849
1369
568
791
801
1702
497
252
1491
1327
412
1738
46
216
384
739
1596
1472
1364
1189
719
321
598
346
458
1374
828
1815
1186
700
895
1432
1708
1621
1738
577
542
348
1092
149
2045
1536
250
337
870
1583
437
888
67
1903
217
545
987
1623
527
438
578
779
426
1901
1564
1262
1179
729
1859
405
233
1620
1429
37
1531
234
1832
1340
708
783
440
678
36
1872
1608
805
1495
1703
1797
265
703
1929
741
721
165
1171
1590
1728
1010
1673
1316
891
721
715
576
1882
1282
1524
322
1590
516
1253
1750
644
1246
257
765
272
536
258
415
1537
145
939
1972
480
404
1400
166
1749
312
246
1657
1933
93
123
1699
289
1640
465
817
1227
1341
110
2020
1663
847
65
221
1995
1775
1374
1708
487
1468
1207
455
466
3
917
839
1910
46
1051
771
1760
1625
1248
679
1277
1339
1319
530
53
2021
425
1315
1147
771
247
919
282
1199
1111
990
1815
167
742
206
612
1723
1869
1695
1987
1665
1634
1719
918
1315
1421
1670
958
396
822
1905
956
775
1060
466
1841
2019
280
938
1411
571
838
1515
64
622
394
1665
562
1469
836
1607
1479
1181
1296
1635
0
1285
709
966
1008
1084
652
1757
282
817
792
1733
114
935
1567
599
1970
2046
1518
716
1631
407
1230
1111
515
412
1178
1052
1531
1245
2026
1635
1136
300
219
1072
504
1170
684
1389
142
1729
1794
680
297
1523
1355
824
1198
1137
1011
1258
1894
1257
525
81
1271
703
49
351
1250
868
1164
1495
765
748
770
177
1194
856
226
666
1403
1155
1785
1089
1995
123
973
225
2031
1125
1430
260
972
121
911
1880
900
1758
2042
1124
254
1733
389
1360
1344
1993
937
326
285
580
1992
1224
1745
128
1895
1944
955
578
942
882
1773
406
788
1554
1667
1377
1477
1399
643
345
1409
1886
339
7
361
364
405
1368
1381
1059
662
956
657
191
1782
911
302
1335
1929
1807
1353
417
348
32
338
223
739
1149
1973
502
48
61
1814
1815
1870
1121
353
997
1667
1918
1194
1124
966
1542
680
353
1050
779
1696
1980
9
617
930
1823
1727
512
1503
1719
866
1450
831
1077
1076
187
826
1601
542
630
378
1549
1271
1321
670
315
377
932
1091
332
1895
837
63
342
1157
2018
287
683
633
725
333
659
777
1313
1233
77
686
160
1114
1005
589
517
899
1348
666
3
1992
206
652
1956
715
338
2018
238
85
1968
1608
451
207
521
896
497
578
1124
1806
1744
1373
1141
1552
1847
1747
1555
479
2044
535
768
613
1526
2031
1569
877
1314
949
209
372
1768
1030
1906
1839
596
1288
1997
1114
1701
112
388
1997
1567
1781
66
1061
768
1985
395
468
1222
1836
1125
173
1591
1579
1450
106
1809
146
2037
552
1023
1407
1532
1934
1412
1867
350
1669
579
986
1865
1440
817
344
1848
430
1123
763
538
1652
482
1349
687
1069
927
1242
1366
44
1677
772
1109
1985
1528
1624
1553
928
833
500
1438
437
1354
833
566
702
617
1409
1954
1593
1847
44
1995
110
839
334
1630
23
1232
1887
225
1116
149
1139
785
985
800
836
1145
1927
1431
1207
22
579
793
1527
1158
1135
550
239
330
725
1655
544
392
848
1327
1084
149
962
776
202
1010
272
442
897
723
2035
1827
716
899
1641
2011
616
1180
1130
293
1037
1023
1494
169
444
354
788
767
541
337
1754
502
1829
1620
1974
513
581
1126
1472
1055
996
720
1758
844
41
1875
1965
1164
2043
820
1203
1651
836
88
1117
266
1176
1984
1395
424
1154
1701
599
626
2002
2017
1195
681
1068
168
1654
1396
1218
418
410
335
575
404
1624
1785
1616
185
327
505
1559
1058
802
1777
681
1222
1597
2020
1954
1685
1591
1405
1724
1286
1573
812
1198
860
1641
978
1414
1666
1128
603
1202
971
1840
879
532
950
0
1347
188
1151
1390
1367
1526
1336
2011
572
1603
10
177
121
1898
439
1600
519
586
1511
605
969
1863
1890
1826
513
1540
1400
958
970
427
1037
1838
1710
1963
1992
1880
304
538
812
1579
1578
1588
930
857
1303
1325
1519
1698
557
1597
369
245
1613
2031
158
870
1722
1297
1934
881
1937
1635
772
505
1697
85
468
192
1764
89
1955
1688
1779
1048
1536
2044
854
433
826
223
741
198
417
792
1686
1841
1978
1673
853
1674
1484
939
850
1213
1235
1367
2022
1513
8
1280
266
1835
1388
672
485
924
1394
530
298
1441
1226
1415
150
1801
415
443
1500
1608
1962
1465
1516
399
441
41
1718
1558
447
860
554
1386
1711
103
1275
1297
937
224
1485
35
845
1102
209
1311
892
56
496
675
1294
769
1115
1574
161
1562
98
378
963
1717
693
754
1748
1611
570
1669
1440
1838
1782
845
372
1135
1087
718
1485
1990
481
288
486
1641
1684
821
1777
1233
79
1546
998
2004
727
1494
338
1799
635
1387
307
589
1856
45
1211
1934
1698
1163
432
62
1192
1314
317
139
629
1176
754
430
71
1550
133
563
1578
766
620
725
1980
1274
1429
709
316
1056
1158
1426
1411
1654
939
1507
331
671
25
902
1649
1910
1154
1161
1178
2022
1491
227
1046
910
972
1116
1198
304
1486
1076
706
1203
67
1861
1551
1040
837
948
332
