0
2155
12379
7514
8728
3587
770
11122
11129
15314
6283
8510
13614
566
875
8678
10996
126
6281
1095
6840
11252
9649
15244
13863
8633
1506
10713
6815
11488
14914
12487
4300
777
12060
5377
10365
12393
16237
5985
4047
16098
11840
12343
10674
1190
10348
14495
4468
7150
12558
7827
3895
4504
5886
2728
7971
14707
14896
992
14821
8266
8458
5227
16165
8093
4360
1486
15528
1208
8203
6293
4539
14972
8679
7609
15417
820
12476
12619
13563
2054
259
11279
14225
10314
12062
11885
16375
14558
3820
5018
5751
8409
9684
13860
6751
13787
4412
6805
8803
7666
4705
2921
2518
9366
13146
541
8756
8167
15652
12260
9086
14593
10237
13796
2617
3485
11709
2136
1490
4498
49
6787
440
11629
15366
3930
2963
5202
14532
10683
2463
11163
6321
6352
8187
2417
9620
13854
9668
15653
9111
2427
16110
6697
2323
9255
4130
8003
7602
15746
2064
3272
5230
10310
2076
10670
10184
13157
4060
7805
6378
3330
464
14773
6987
2326
15523
6722
2149
14510
1510
2657
1164
5985
4146
2213
12831
7459
5726
7410
13253
15264
10676
3526
11134
14891
4098
14104
7721
8289
9836
13395
12383
7573
15587
10366
7198
13511
11288
11505
16173
15637
13947
4740
8805
8428
1694
6783
9448
14361
7209
11956
14242
11725
13119
11575
12152
312
14516
8601
7591
1068
11688
8010
10939
11174
3269
15018
14186
14582
8912
2280
7378
16209
3531
7307
5172
8432
14442
7204
7660
13216
5982
3465
16369
2516
10329
10098
9
14
12670
11916
5229
6844
11182
11150
3363
13704
11615
13577
1549
1339
12517
10314
3503
3498
1328
6370
15600
15524
6387
4410
11340
4653
12728
12842
6921
4622
3177
185
3142
16109
3998
13430
2235
6523
9847
2898
13571
2584
16186
4213
3827
1665
3594
10399
11403
13021
11407
12336
10969
10378
924
9801
3719
5222
11466
1924
12494
8620
9075
9633
5401
11517
2343
2649
7951
14094
13324
9123
12107
5177
2217
8659
5091
9635
8488
7059
4240
6065
6439
7321
7797
6354
4575
1282
6057
4160
11006
11079
8420
11937
11809
15478
7548
15403
5268
7543
8472
10835
6583
9922
16162
2464
10978
5633
8875
8565
13586
244
4492
10534
8947
15038
4368
15894
4042
13827
11370
7467
13387
361
2633
11582
11597
7153
9542
12316
16245
11398
4579
12351
2804
69
8121
1309
2671
14799
12828
12233
7150
103
9581
8494
1095
8913
6385
3536
6320
10270
10798
11621
8825
4592
13368
6093
11241
5081
153
1700
8535
12712
3615
905
1157
2625
11858
4866
829
7828
7490
8519
7315
2462
4684
13659
11397
9466
11160
5426
941
16169
8886
27
14027
480
6185
8022
9440
12107
11130
8786
583
2007
15947
3084
5756
10061
9955
2063
9058
15630
5847
13731
15962
4243
4121
6952
13321
14711
4007
12462
11384
7403
4319
10903
1909
3433
1862
8961
99
2883
9819
7076
1351
11262
6149
13700
2025
15947
485
1316
8097
12606
15303
4098
5892
12601
8191
12275
11008
11168
12399
595
3777
3631
9217
10692
10102
6086
3683
3828
10699
2718
12191
2617
780
10846
2047
15551
7932
10175
14975
294
9724
11827
8136
879
7235
8506
12647
1070
7254
16010
7663
5391
7306
12177
3364
2807
6103
15396
15808
4177
1152
2029
8623
2622
8482
1723
13788
6038
6945
5361
11690
9449
14285
12423
13706
11465
6374
15323
9922
5932
8839
7455
6581
3939
1361
6907
7739
4747
1719
3545
13140
8641
10958
14150
3993
11658
4319
6272
1327
7532
3815
13031
8050
52
4360
10890
6966
3060
15785
2196
13039
15500
2804
9928
1045
5693
4791
8350
13530
13669
11902
5397
13141
10350
742
678
2511
12567
1011
8508
15223
3612
3351
1458
11463
11574
8104
4289
11658
6199
3287
3811
7145
7692
14109
16011
7283
561
8581
518
12340
9692
13482
5399
3802
8790
7055
6612
16176
15841
13935
14213
5105
2431
16344
10478
7668
15268
11317
13359
8872
9384
2608
15487
13456
2546
672
5629
1802
1581
8499
367
9199
14039
8469
11051
12077
11443
373
3145
10993
5666
1086
2305
15091
3631
6227
9601
2741
431
11323
12490
11693
1266
9663
15163
15232
7052
8289
13619
15060
9857
11859
8508
8041
2644
15992
9410
4476
8706
11445
10929
1596
8990
10006
10944
8112
9364
9648
7230
2477
8229
11982
518
845
8553
5253
574
4016
1756
6274
9041
9784
10012
15323
12649
8407
7973
10651
11419
6677
7976
7860
11640
8752
4532
9921
4589
11524
8691
15372
3856
6774
9789
12828
15077
11165
13454
8641
3772
2354
14737
4119
10674
78
15334
4511
14070
4570
15604
8303
2014
6823
11509
7151
1765
12553
1636
7229
5645
4867
12412
5546
5419
911
9391
7950
3317
1875
15963
14165
8058
6019
13187
2657
2614
945
2445
7669
6235
14478
6949
6754
10670
5051
985
13343
14707
15065
14765
12616
2798
9378
514
13160
8556
14116
4541
14245
9615
6376
13302
8612
15398
6881
9500
12274
14430
5539
3105
12175
11778
14404
1193
11634
14402
5888
1472
2638
6828
1579
11054
9217
13321
14388
12605
10407
14688
14392
7970
1852
6184
6268
11265
1994
1258
2347
7825
11609
3899
6405
15988
10301
11160
14888
5937
14077
13013
7026
1204
8169
7927
7384
8186
12136
15283
4917
2395
1802
1316
15933
6687
3906
15780
13655
3245
2121
3216
5556
9431
7213
9595
7092
6032
6263
9832
7036
2437
10980
16308
11437
6598
13914
13427
12998
6131
157
7860
10470
10592
10566
13091
6182
5860
6381
5477
11363
2374
4776
10925
13998
5156
2361
9867
91
15086
6257
8462
5643
4327
4767
13658
2038
10397
797
7504
6173
2553
12384
10911
188
13023
9190
4729
6808
5252
8431
11782
13796
3799
7618
6117
819
1209
3316
9276
13623
6923
13755
4801
2968
5857
15304
9657
6046
7586
10286
15474
6648
827
7288
9763
12260
14158
2146
1713
10900
13654
9523
10790
16089
309
15097
3189
15855
8570
4567
11793
9674
13714
13675
10811
11967
10535
5726
8763
10881
5299
14240
7247
15040
4532
15593
1920
6815
13703
15770
5454
8621
8781
13403
15235
10860
3985
15424
9776
2064
4046
14528
3214
2669
13697
9869
10211
13741
11004
6415
14275
10933
1894
0
11076
10301
7447
9410
528
5757
14009
6075
10836
9444
982
12197
4579
7252
2890
1504
14700
16259
9734
540
11320
7982
9328
14675
7118
11282
3328
7892
4463
15517
4002
15618
7814
2082
15752
14043
3562
114
12820
825
15729
10508
9394
2246
2114
13510
8222
10746
8274
8625
1939
14795
10959
4548
6335
6414
13616
3981
2022
11932
10618
3296
13905
369
1729
3079
5914
12774
11783
10917
9518
5753
2574
4785
2770
3665
10999
6631
14524
9492
5600
7163
11462
13668
12975
13911
4623
4336
2784
8741
1199
16363
12290
2002
2696
6965
12668
3499
7109
541
15226
1737
4362
7897
12989
4219
3504
4627
6236
3409
15213
12518
10101
9434
5838
14874
3242
1869
12962
11438
299
12254
1876
14663
10725
5667
6265
3523
5427
291
14981
12869
6446
11960
13624
14381
2123
5626
15434
5934
5768
1321
9369
12720
13831
8082
13391
10530
7133
5772
5720
4612
15058
10258
12199
2581
12720
4128
10028
14001
5154
9968
2063
6122
2183
4290
2064
3322
12296
1162
7518
15781
3844
3236
11205
1332
13995
2499
1968
13256
15469
745
987
13594
2313
13126
3727
6540
9817
10734
880
16160
13308
6776
521
1770
15965
14206
10995
13670
3902
11746
9661
3646
3731
25
7337
6713
15286
368
8413
6168
14082
13006
9985
5436
10223
10713
10557
4245
425
16171
3403
10523
9180
6175
1977
7358
2256
9597
8890
7923
14526
1336
5940
1651
4902
13789
14958
13564
15897
13324
13072
13759
7351
10520
11369
13365
7671
3172
6579
15247
7654
6200
8480
3731
14733
16152
2244
7511
11290
4571
6705
12123
512
4979
3156
13323
4503
11759
6694
12862
11834
9454
10370
13084
4
10285
5675
7730
8064
8677
5219
14056
2261
6539
6339
13868
919
7485
12542
4792
15760
16369
12150
5730
13051
3260
9842
8893
4123
3303
9431
8417
12250
9961
16214
13081
9089
2403
1753
8581
4035
9365
5478
11120
1136
13838
14356
5440
2382
12191
10844
6599
9585
9100
8095
10068
15152
10058
4200
649
10169
5627
395
2808
10006
6944
9313
11966
6127
5990
6164
1418
9553
6851
1815
5329
11225
9240
14284
8714
15966
987
7788
1804
16255
9003
11447
2084
7782
972
7292
15040
7201
14065
16337
8999
2036
13866
3117
10884
10752
15944
7497
2610
2280
4642
15941
9796
13962
1030
15165
15554
7645
4624
7540
7058
14190
3254
6304
12438
13340
11022
11822
11196
5144
2760
11272
15088
2715
62
2888
2918
3244
10949
11050
8478
5298
7650
5256
1534
14261
7292
2421
10683
15433
14456
10828
3340
2790
263
2710
1787
5917
9193
15791
4022
390
492
14519
14522
14962
8968
2827
7979
13343
15345
9552
8993
7729
12342
5444
2825
8404
6232
13568
15844
78
4938
7447
14589
13820
4101
12024
13755
6929
11607
6649
8622
8610
1499
6614
12814
4338
5043
3030
12396
10169
10573
5362
2526
3020
7458
8735
2661
15167
6702
510
2740
9258
16145
2298
5465
5064
5805
2668
5278
6219
10508
9868
617
5490
1281
8913
8046
4716
4140
7197
10790
5334
27
15936
1652
5216
15655
5722
2710
16146
1907
686
15744
12866
3610
1662
4170
7168
3981
4630
8998
14455
13953
10985
9135
12416
14778
13981
12446
3833
16356
4280
6144
4907
12214
16250
12555
7022
10513
7598
1678
2979
14145
8247
15253
14713
4770
10307
15981
8913
13609
898
3106
15979
12537
14252
529
8494
6151
15887
3164
3744
9780
14688
9002
1388
12730
12633
11606
850
14476
1173
16296
4422
8188
11261
12262
15477
11300
14938
2805
13358
4633
7895
14923
11521
6542
2759
14786
3441
8984
6107
4311
13217
3863
10795
5498
8554
7420
9943
10929
356
13421
6181
8876
15887
12227
12997
12430
7425
6664
4001
11506
3503
10832
6669
4528
5622
4939
11278
15635
12749
14783
354
15962
880
6716
2679
13042
189
9863
15097
1801
8929
1196
9118
6281
7887
6405
6695
9160
15418
11452
9660
182
4632
6346
12219
9268
9081
4400
1919
2648
5804
13243
4353
3140
6790
10619
8678
1193
7699
6208
1619
8081
2176
3542
7181
5785
16282
14617
5733
7195
13133
16091
4935
9447
9042
2346
8299
8189
11954
1353
3556
2833
6311
6137
4331
2698
14033
4021
14637
12962
15797
4108
4654
9008
11778
8442
7970
5765
14065
6753
334
15002
15720
9316
16349
6562
9628
13211
6688
711
8936
2131
9415
15879
11163
3394
9238
13610
4798
5014
16023
16137
9563
5453
8545
1349
13234
11168
9744
3344
3283
2685
4600
3235
12993
14284
12930
1486
2621
4047
12475
8471
6419
14221
5450
9776
12783
16166
15636
13480
12731
11246
13794
10289
12589
6498
9588
6882
13133
7827
11317
13330
9026
4829
9617
7771
14723
7032
4258
7602
0
10781
1504
9212
11125
10938
12210
10690
16089
4582
12824
84
1422
969
15184
3517
12801
4156
4695
12094
4847
7752
14909
15123
14611
4106
12327
11205
7669
7764
3420
8296
14709
13681
15707
15943
15047
2436
4307
6496
12639
12625
12709
7446
6859
10425
10602
12157
13590
4458
12783
2955
1966
12905
16250
1265
6962
13780
10380
15479
7050
15498
13083
6179
4043
13577
681
3745
1540
14113
712
15641
13504
14238
8388
12289
16356
6839
3466
6614
1784
5931
1587
3341
6342
13493
14732
15824
13386
6829
13393
11877
7512
6801
9710
9885
10936
16178
12109
68
10247
2132
14681
11105
5379
3880
7396
11153
4240
2391
11531
9810
11320
1207
14412
3325
3551
12002
12871
15699
11722
12132
3198
3529
335
13748
12465
3581
6884
4435
11089
13694
827
10204
10382
7499
1794
11882
287
6763
8817
1675
10491
7139
455
3972
5405
10352
6156
8923
12596
1293
12496
790
3024
7705
13737
5545
6035
13988
12889
4564
13357
11523
14711
14260
6763
2981
9084
8698
5750
11883
15925
3855
2307
3895
13132
13472
6570
14219
9869
633
12372
7990
16033
5820
11958
2704
14399
5084
11101
2463
4716
14855
363
9694
15476
13587
9307
3462
497
9537
10512
2540
1118
5038
9409
6039
3441
572
12401
1068
4511
12625
6131
4962
5807
15847
10195
11433
5678
2530
8454
9264
11410
11288
13232
7517
12060
2650
5371
204
7219
13197
15287
9232
9290
9431
16184
11935
1821
8369
7282
7778
8929
9587
2432
11888
8609
5655
9630
539
14892
12412
8322
6703
7589
2662
11358
568
11350
2813
4107
15516
12180
13436
4730
5449
10740
13681
6952
7231
7068
967
6277
10556
8487
3422
12088
11286
8410
6013
8229
2027
6809
13324
477
8856
1899
12007
10355
9006
8368
11580
8390
11812
15985
11555
15507
6262
10324
3020
8007
4983
11253
11472
13917
8032
13115
2936
7370
3834
384
8645
14283
5553
7515
11052
3074
9777
5851
13450
6932
849
13844
2272
15139
14025
13437
364
15973
4515
12057
1624
13583
12815
202
13064
9918
282
8965
10269
476
5111
9454
5253
10676
13341
12052
12076
11248
2125
12357
5180
52
1705
9329
14480
3470
10094
3947
14388
1452
6176
9726
13169
6385
10614
13071
1033
16071
9697
15754
5427
14151
4107
7745
2602
14266
11710
651
1179
12946
3045
676
3897
11184
3158
10672
5642
4479
5193
372
16058
3741
10849
3624
15219
1011
12881
4726
10669
6301
2968
12135
4213
8741
398
4623
7925
15316
15854
9618
14507
5663
14242
107
3143
5111
3699
8357
13401
3611
8908
3144
2999
10562
14641
8108
4578
2278
5763
3010
11357
1349
707
5906
3998
4863
9350
6293
5752
14199
4739
15052
5255
12240
10853
13006
15301
8455
13025
13256
5038
9469
5290
1640
969
11310
3194
7100
8452
5289
8900
16120
10033
114
16077
8634
10538
10278
3134
4672
2812
7267
15217
2361
6510
14294
3209
12388
13129
14234
13504
5376
9354
9882
1380
13201
1788
6836
12191
5301
10808
8254
8303
14721
2880
7422
4391
6699
7448
15636
15710
7901
2854
11223
8450
14853
9775
6560
12175
16063
5667
6231
15776
13583
1631
2174
1710
12869
13012
12781
6227
5751
2291
3987
1587
398
1982
11532
11686
1455
9495
15254
9628
9660
16307
9444
1058
4465
6158
4206
3906
13278
16103
4499
2197
731
10513
9482
10742
8769
5752
15066
14407
1270
2811
13958
7920
15672
1572
9792
2016
7104
1973
6498
2196
10832
6907
11036
4224
7756
9337
12787
3065
3816
2529
10381
9840
7955
1591
508
5624
12860
15024
6769
15258
4356
4021
6669
13107
2325
9613
9712
13301
11148
8461
13488
10794
9033
6282
12366
3185
2093
9168
9376
11497
9954
4325
12617
1924
6279
838
2018
774
2700
13008
5663
4589
13793
3656
2130
8325
4301
4902
4661
1806
8367
2402
16059
13474
14851
11265
5054
3705
10884
2671
3255
11452
1814
1349
614
2083
3043
3835
13880
14052
4764
6039
7842
3294
10899
11299
713
12511
3730
215
14464
3860
11708
3018
1033
14363
10487
889
9341
15350
15291
14507
5893
5274
8848
2876
15815
2665
11795
16151
2637
10551
10823
15374
1190
12742
3133
7255
8134
2154
8155
5584
6262
6001
10300
11884
15328
12668
21
14189
8282
6888
6439
10735
8814
10222
6232
7752
15386
12612
12550
4321
12740
1440
10850
9275
14886
4960
974
2320
7760
11790
156
12324
10210
1057
10016
11323
8085
16319
12577
9532
12658
405
5025
7640
15758
6786
2535
3493
6009
13682
9730
3037
9495
13393
877
7654
12638
6462
7112
5338
4862
14923
4942
8368
10082
2469
4108
15435
16121
8244
14763
8032
38
4517
16382
14804
409
773
956
14782
2530
8765
15388
5015
4776
6005
1503
15736
7296
10805
7320
9563
15539
8469
8267
6093
11267
8822
6875
727
13169
1645
15711
9507
11222
10513
1780
13372
990
10391
8580
2751
6134
12187
10698
10977
1888
12119
9819
15262
3506
1001
9488
5945
15860
2880
13336
4335
14810
9242
791
7876
16249
11460
1934
13326
8001
33
3249
1156
6835
0
1725
15933
6966
9767
15006
5157
530
13166
10034
3729
6618
4369
7695
3314
6222
10580
16156
9614
3948
7031
11325
3499
4418
15621
355
5793
7857
2188
11261
3614
4539
2241
9297
11182
11761
11792
12854
4251
6538
16337
2543
3221
1939
2557
13663
1003
4534
10143
9589
5765
15626
5875
8073
2399
4416
8534
9468
14139
4984
15623
196
14091
3680
14864
4198
15569
3940
14775
1896
6022
8432
274
6761
5365
4602
9552
13537
15238
15334
14293
1795
15015
8450
14000
2185
2232
10437
2356
11554
10284
14258
14197
4279
10009
399
8648
15709
6015
15289
9010
15766
4851
11955
9463
7471
3066
2809
12637
9126
8986
5478
424
7868
12510
15926
7946
13628
12851
2249
479
5996
14059
5941
11962
10606
5446
5669
3928
2217
13303
5674
1665
14885
3189
8563
3803
8443
3343
3001
1082
8215
16075
8232
8641
5789
5974
5355
4532
10042
7401
16298
8130
14262
15284
13494
7303
635
4429
11590
2461
15707
14194
10018
15343
13376
15050
15551
573
6260
2821
4470
4660
4724
8908
3790
32
2291
518
1786
10073
3225
2475
2594
10006
9000
6262
9746
7420
11304
11959
5011
2330
14715
1758
10331
15867
9837
2161
10302
2097
15190
14625
488
9944
11217
636
9843
3815
13220
2740
4900
1119
2624
7942
13317
11194
8072
2315
8669
14866
7122
3776
7712
4075
13283
3590
4743
10698
3418
3697
5196
1496
6036
129
14337
14119
3249
11325
8115
4221
8510
15518
1763
4608
9287
3261
1862
14776
13929
10002
112
13563
3681
321
13985
14587
10524
10519
63
14187
3862
1543
4074
14111
7361
8497
9746
7958
12355
89
4268
2725
14251
9069
13529
15982
8298
11307
10146
11298
431
4442
2974
6896
16284
3839
2255
6905
3145
1675
5588
7057
11145
7560
5091
10363
6383
12416
7770
6923
10539
9276
1142
7091
7627
9880
10091
7785
15929
3791
2484
8434
7062
16037
16235
6971
13386
10974
8774
3227
4971
12817
15374
3190
496
2383
4950
11975
5451
7993
16189
12530
7288
460
10806
10762
2740
1797
4070
12750
8643
7274
8647
2525
10678
9731
2349
13679
14951
9867
11590
3269
1041
7993
6225
11471
13829
6702
4129
14755
3867
2864
12552
15137
13338
9157
8992
7967
675
8725
12819
9723
15000
2593
611
11772
8367
6667
959
180
1122
961
1802
16009
6285
3945
313
5924
6859
13446
15408
5154
8911
5468
14689
10578
8691
6055
3700
2510
14966
763
3630
9959
3707
9302
3001
6827
3007
10375
12783
11407
633
4025
8836
13621
7582
10581
15806
11952
14885
5486
9346
15811
15790
9699
10498
439
8140
9073
12272
4754
6344
8151
7245
4951
15202
120
5214
12342
16111
7022
1541
92
14223
7418
7758
7194
5652
11026
326
9043
5128
6675
12820
8120
8838
4832
9099
14148
6128
5471
2493
14193
16187
1804
4490
237
9502
14260
10154
1530
13172
14903
16037
12416
3407
13915
2821
16309
10887
5677
12656
3785
9104
9000
5145
1463
9105
3256
6536
15232
2181
8105
1630
5942
9425
12376
6113
11150
1800
7259
15153
9057
15139
11811
10919
11462
410
12856
4239
14067
2167
12945
1969
7560
12294
8269
121
8384
9966
278
4595
7109
3059
15349
15200
12762
7082
8099
1190
1316
10256
15483
629
11597
7054
8341
6586
1294
4395
6015
4050
6097
14258
2850
7902
1572
1215
15647
4267
6374
3185
10010
16186
3232
9419
7440
2784
6013
22
12489
5645
1598
7615
11338
15777
3611
10594
2898
14815
13290
13899
4032
168
9303
7505
4337
8397
7315
14735
866
6085
14971
8640
10333
552
15987
1061
5791
8872
13891
7362
15747
7473
14062
304
14217
13878
108
1715
5790
133
10270
10771
12190
10478
4210
9808
7950
687
2341
12346
8056
14795
4841
14299
15859
1818
9367
2263
11778
7379
12700
14295
11986
11571
6731
13463
13324
13809
8591
6574
9619
7236
12063
12116
4447
15719
12146
11250
6971
6774
13836
595
1858
14585
11215
6751
4713
14191
4082
11502
10839
6904
311
10046
7900
5323
2048
8445
6632
6969
7900
12954
5462
14008
820
32
6558
9125
9983
13467
7019
5916
6993
13067
1627
7934
7799
7772
9322
216
1333
5359
6233
3954
10421
15456
3174
7104
977
10012
9698
14204
14511
13085
13357
856
13032
1409
2341
6661
3531
1269
5089
12689
9973
3793
15901
9084
14515
9219
12463
10407
3621
3675
6828
8182
1699
12193
7203
15173
12805
1948
12694
13563
771
15697
13370
2899
9200
1993
1241
8838
4385
2394
9486
16028
10488
1301
15004
2366
12487
14242
8351
6781
15665
2228
12773
13088
15630
2468
9081
4305
14921
12604
6747
1528
7453
6974
12016
10618
12969
10892
10178
4842
9012
16140
11212
3880
12277
146
9787
6062
13515
3037
3425
10892
14759
10069
5010
11791
5352
12660
7623
2127
2306
3414
13437
14003
4538
12911
14274
11201
12922
12208
3837
12755
9326
12644
15078
16099
16031
14946
13348
11418
14159
6862
14920
528
10320
8122
13609
4386
9270
8251
12781
25
8616
4725
10317
13261
1037
13240
6747
8890
10926
8218
5869
15543
8347
5297
10265
15149
15560
7830
7076
8672
789
2089
11691
4463
2200
12447
12913
13873
7408
11208
3463
5575
7476
9359
13166
15058
2677
9385
16267
1431
6374
10652
5597
7179
3415
6692
13325
10490
7139
819
4647
3712
5957
4975
8403
3070
5558
4052
13718
13049
8768
7474
6307
16147
1368
2725
1812
2983
4389
14550
9138
12297
14743
4648
14761
2677
3923
12225
13301
13282
13621
1937
7072
15224
12126
12539
3584
5524
9636
9517
14219
3191
11177
9593
7331
16279
2945
11359
9329
13129
7192
4471
7620
7267
6975
13003
5494
2553
14999
10886
2202
12752
2392
5358
15611
8892
6286
2207
15122
6218
11960
2595
9068
16152
14191
15822
3155
2792
14181
6328
3689
13246
15041
1392
8960
4269
4602
14797
13046
4485
4787
758
3602
6322
15272
12652
573
3740
8747
5555
9811
11186
7585
7787
9146
3447
12671
9973
7326
14927
9291
4309
4817
12548
966
13000
8765
2755
13742
12976
9045
13034
4396
14364
14473
4932
13573
7409
9849
14560
14462
14225
8302
14882
4553
12761
12625
12510
2888
15787
5778
4252
11442
12602
16305
13646
9868
8868
2196
8235
6336
6537
3550
5546
16212
16152
2293
7255
13421
9274
14103
15473
14880
4465
5329
16326
92
1572
2874
15113
617
14141
10972
11860
11439
456
16238
7298
4969
1564
14122
1488
1387
14554
7645
4896
16024
1509
8153
5390
11027
11944
6582
2909
15466
10244
1208
15890
2519
8632
12757
3215
8764
15342
3896
13532
1088
1521
8207
9365
728
8503
7343
7270
2912
1373
10040
9747
8569
6191
10945
6111
8809
1040
11565
8499
14470
14726
14827
8306
5630
1804
15005
918
8959
4726
16292
3396
12453
16170
4907
9875
13957
3926
3476
12587
15389
1432
15561
15005
2539
7332
10664
4085
7384
13797
11878
8311
4389
3924
7748
11041
13634
16383
15555
6875
9607
7790
9636
10985
1754
10343
11220
4967
12273
11494
14084
5184
12088
4647
4519
10765
5740
10367
371
2052
7983
10624
5340
4855
6042
2455
9409
12847
13341
10366
6713
12179
4202
7591
10809
8317
1141
14082
7803
5078
13911
8840
5876
3744
6693
16264
9760
10226
14302
1797
1019
11551
2347
6643
13085
13129
2918
5393
9930
14463
1591
9342
917
8546
14590
12157
11619
8423
1396
13618
12382
7489
15529
8323
6206
2075
6841
14799
7014
15645
765
4391
7389
2096
1818
8136
12615
2860
12862
13237
8539
4004
10511
3329
9404
5633
64
12287
10039
8450
14892
11725
14090
10345
7773
2104
11942
272
237
2963
1652
8624
3767
5549
1407
15379
845
7991
3033
7925
5858
9612
5598
8133
2780
4798
16062
539
7691
14065
3674
8766
5254
13968
12480
5732
12537
11273
8864
9214
6414
5234
16223
7031
4070
8524
9309
11714
4162
4539
10368
3139
7827
15443
2842
14872
13458
14837
11552
9932
9508
4932
2337
9222
6541
3814
15639
14100
4932
10614
5723
12516
16310
13295
9895
16372
12842
3156
11059
13822
12291
7895
4042
12761
15684
9789
2314
1024
8439
8699
15527
1425
10010
15268
727
3585
13310
3610
11699
6506
7950
16036
6060
8313
4389
6650
14040
2107
2818
13605
11971
8345
16219
14714
11617
5410
16246
3087
4441
14591
4304
14680
14664
2979
1699
2991
6016
6536
13722
206
11974
9452
15776
14630
11648
6281
9941
3795
15386
12423
4487
12588
1691
6345
9392
5955
4891
945
2068
165
6753
6055
2522
1804
7114
13169
4707
11250
2761
14322
8602
3230
1646
5132
3186
3047
770
7850
11524
2150
2842
12562
12674
6699
12239
3377
6123
10668
5868
3
1681
4790
1807
8634
6238
6162
3460
16291
4744
7017
3941
12074
8407
188
1150
9972
8969
7512
15316
4955
14830
7156
14040
3022
4907
13231
13491
3363
9942
6886
6098
1182
3626
5329
12265
5495
13615
3021
11744
13422
117
11517
1409
14891
14754
9732
9895
7195
310
12886
7553
4764
8161
10483
15327
9388
12957
8262
1142
5989
4798
7243
14646
15385
11057
394
5668
1
9006
15220
2710
12636
12672
5364
5759
11164
2631
7782
10319
2543
4573
10783
16250
7618
15740
5333
8461
8164
13357
9036
13992
10825
5769
11373
982
2419
7350
7385
8814
9765
9498
8123
5079
16176
6479
9776
4976
1237
6828
12529
11610
12160
13836
9902
10193
12177
9391
4240
6512
2367
15620
9475
6845
4215
13001
13417
3365
6603
4316
1358
7995
519
16240
13391
8847
1822
12237
2099
8397
6076
4003
14835
13290
6262
6252
2944
3286
15933
15260
11852
16046
11839
7910
8547
9049
9096
10716
1189
2475
1508
14422
13747
16246
10726
8609
5951
12818
11521
1597
12878
3422
13877
4036
15413
2628
114
15523
8959
15391
2885
11507
13425
541
1732
11909
2297
7133
533
1434
7761
15630
10213
13127
1432
16091
16029
6222
5262
14876
12983
16310
739
9098
14446
3630
2580
6724
4618
16318
7489
869
10469
3695
4944
14332
2501
13138
4168
2441
6716
7961
2012
15518
3521
6574
6629
6145
4702
6461
12087
7996
13140
9798
4443
2936
11904
13186
8101
12653
1959
6433
1597
6022
2399
2320
2312
15435
13936
10246
6698
15181
12774
1425
8975
12522
8706
10141
11746
2046
13579
9249
2732
5466
9676
3608
3649
3868
2527
13100
10497
10937
10638
12424
12954
3415
11840
909
3178
3908
10724
8109
1113
12812
890
7088
13038
14854
8289
14869
4606
16350
1703
7653
2030
13097
3739
573
9736
4803
8008
12258
2309
12226
10779
11523
8925
8040
3831
8389
8165
7136
9121
5122
1315
1438
6170
10040
2494
13516
846
3376
5385
11033
14593
5987
12435
1804
5518
1295
4755
11519
15496
5980
2439
1368
10081
15230
4557
1443
5656
4888
7868
1175
1010
16027
15280
11320
15876
11358
12081
3766
8250
6970
12837
9482
13604
10034
4237
5667
8333
6445
3649
3437
5223
11818
572
1677
2709
12049
7931
7403
1462
14287
7772
425
8632
15029
13188
6409
3213
8839
4468
9359
10427
8765
15482
11851
2461
9127
9996
7496
15221
4380
6079
11691
908
4082
9866
11686
14337
13250
6097
11258
13884
1569
15993
16133
6633
10676
5718
901
7711
15676
7393
2304
10478
7127
508
7561
10866
5495
5298
6232
10558
13998
10791
9375
11110
6318
6178
8903
14617
891
15477
6067
13638
14366
6664
5244
13592
848
13362
862
14200
6449
3539
12906
14208
7328
2041
6549
1905
5092
5302
4680
6918
13810
9349
499
11216
1385
11868
4888
7060
16205
7886
1743
14757
9686
7320
13254
2164
14099
4750
8914
3423
10989
14117
14944
67
13504
13758
1422
13248
7887
16368
2950
10568
14259
8367
1379
7211
13885
5522
12088
3820
14043
44
934
4654
12057
11264
13268
3057
9122
11598
2182
6936
9571
15672
4063
11783
12393
11672
2032
11121
15986
9966
12358
1361
12872
2235
1175
5631
11130
10800
3787
2800
7366
14680
12488
9682
3515
8419
11614
76
5722
10514
540
563
12815
13744
12061
9682
3317
10326
8529
1588
9176
4178
1864
13010
14299
1062
5045
8119
3377
713
10733
1010
4563
5289
13427
3090
12607
9292
6457
5226
10608
4979
1794
7983
7856
7821
13472
12806
15848
16337
7654
9108
945
14216
25
3478
9326
8592
11446
1312
1860
5473
7100
4258
5853
7045
15313
11929
309
6862
13728
16284
190
15840
2635
6311
2375
6873
11175
3719
11855
12370
5143
5864
16007
10743
1062
15808
10947
40
9398
5505
3353
2045
15840
8862
14093
5560
7699
14076
14501
3443
6973
15522
736
13728
8434
12157
12887
12536
3995
9629
2620
14232
16120
1404
3666
9272
5498
5474
8529
11472
8437
5806
12495
3678
2862
3803
10139
15120
13421
2829
14433
15325
11707
3148
11921
10041
8606
1271
15738
11510
1284
5094
8065
12273
14401
8211
11605
8621
8397
1692
5930
431
15386
10956
13499
14178
13967
14193
9591
15366
11335
8361
9274
13579
11334
15912
7801
3960
253
8177
2974
8103
2607
12242
6739
5890
4175
15289
8104
10613
15474
6004
9454
8345
13384
16256
8883
15593
1741
10776
4190
3740
935
10489
13346
7276
15610
14695
8041
5189
12093
13579
9192
14672
9838
6694
3347
3666
6477
6835
14275
9367
12716
8975
10496
7786
8601
1073
12064
12839
6315
712
8989
13559
14177
14270
9514
6002
2722
13432
10155
10710
11891
7376
3284
1591
11716
13442
12716
8264
4319
10547
5078
14273
9955
15094
1320
5650
11085
5056
11494
2754
14391
15099
16033
4858
15292
10058
1402
8036
749
3631
7286
13518
15664
9160
4636
15193
3410
2329
3596
10148
14579
12629
10122
5369
6642
14185
1236
1490
12079
2369
9425
15457
694
1245
5648
735
8904
10019
15293
1636
15147
13156
15166
6607
11721
991
993
7691
628
8008
6025
15324
15970
5237
10213
12973
10431
8561
15960
10771
3719
9758
3135
14380
3567
8246
2299
9110
12692
6829
3781
10324
3971
1712
10302
8107
3847
14249
6884
15402
8530
1098
10959
8760
13068
4802
14153
4014
9659
4670
6399
2065
5151
3544
8054
14622
2597
2535
15723
15353
8019
11559
2051
15709
11682
14308
4940
8611
1272
14777
8872
4327
14978
9904
4656
3559
10385
12498
10633
9968
6994
9010
3629
1486
14567
16175
12655
9065
6279
2104
3483
7316
11308
2211
11705
14106
11933
3519
10513
12512
10330
16020
5511
2357
7323
10612
6342
4381
6671
5630
14189
10598
16267
10242
14362
5149
439
101
12615
527
5300
13328
15129
192
7540
2939
15591
14195
5439
8948
5119
4429
13677
15200
7132
6508
6525
8147
7660
7239
8162
2652
14392
11037
3832
15492
6168
6788
3072
4750
3761
14566
11358
13774
12972
82
8593
6170
4553
14964
16129
5403
2646
8242
11933
10276
10335
1955
13488
8996
12023
308
3058
2194
3689
12433
8104
9333
8842
10606
15654
13574
8346
4124
1278
2902
3239
6381
14471
644
14001
13529
12422
286
1415
8055
1164
11785
5121
14696
2501
15059
3549
2279
13492
7704
118
14151
5306
16034
13811
12619
3635
9488
12554
9129
13594
1645
10171
4577
4762
6793
1586
16356
12780
5854
9802
6054
7670
7798
12795
3103
10257
3622
10110
6186
677
8901
9871
7675
12551
4090
4103
7674
1845
15054
4785
12259
691
8296
6737
6452
7979
10022
13841
14647
9718
12038
4464
12823
3580
6184
15811
5854
723
5576
13346
11326
9765
11996
13958
8220
8059
11489
15100
12007
5901
1814
9541
5391
15944
810
1131
898
4964
9228
3596
5477
3789
9505
14922
11187
2624
2040
6415
11165
12197
15252
4516
8811
10641
9430
6981
6801
1867
8949
72
15086
2755
9205
16139
3863
12352
15785
1649
7288
1103
5269
287
4877
15358
5386
11583
558
1892
208
6833
8599
14503
8560
15483
5882
6822
5141
475
4544
2949
8930
6849
16107
15335
13104
1712
10479
6744
3882
2995
3887
12462
9558
15350
2225
3522
2966
10583
1457
954
8634
14097
9670
12658
9474
10799
14331
11455
11685
15539
3415
11134
11090
1236
7410
11557
11251
16273
4489
2769
1292
13924
7875
6222
8502
14219
15384
1381
1199
10714
11455
2178
16018
1637
6216
10612
15588
11309
10067
12279
4042
6683
1083
14831
2048
14671
13921
10095
12453
7166
2748
15293
11605
7559
1546
2275
15153
15013
9687
1260
783
11013
3953
14959
2738
13402
12254
11380
15923
2291
9105
11317
8552
955
2845
14862
15872
13475
6647
11861
13796
8825
3606
1303
4925
6856
8629
8633
10042
2039
1020
663
3691
14339
369
1174
8156
13669
5995
4985
5802
13610
3081
2038
2247
3630
10344
12459
11025
5638
7337
9729
1579
2071
5579
10817
7150
6953
8916
6900
6635
12668
14347
933
4354
9258
5659
1462
10563
7590
7383
15920
1511
1365
3281
14211
13635
6090
8164
10709
6644
5219
1597
8350
7832
10935
13952
6501
8070
13345
9101
14933
16361
5476
9680
9864
4214
5274
7919
3019
9908
3973
13456
10264
5287
4409
2591
1447
9831
9930
13882
15857
2734
7432
335
9297
8779
1545
15447
934
13103
12464
8555
4375
3602
12739
7826
8673
4318
8177
14884
9712
423
11678
4908
1143
11661
3428
14180
16208
3833
3927
13229
8723
4589
270
3700
15590
6038
14711
15328
16237
10137
10672
15552
1016
9173
3870
1557
3243
6988
336
15280
5769
2455
7787
686
14308
15674
11593
9763
14087
12312
7937
562
7657
2063
12761
12539
3909
10713
4785
13112
14746
612
14635
13578
12854
8281
15958
14654
3860
6669
14922
8735
2583
15577
16
2816
4010
7174
6263
6398
5265
259
3032
5860
1560
5894
2239
8922
16037
10725
15753
14810
10807
11961
2538
12024
3098
15612
1425
6389
2838
16293
7871
15284
9731
2081
9480
7790
5188
14544
10971
15983
899
769
14180
3968
6978
11293
13397
12591
12287
6876
14306
6430
3159
1484
9260
408
9379
8593
15515
2764
12078
11119
12061
8057
3671
13829
778
5533
11310
960
14110
1158
8350
15450
12193
11006
1209
8589
12526
9593
11787
4854
11925
6370
4897
7637
15932
13861
14403
13645
16293
8641
4769
16081
7970
11712
7365
10345
12367
2087
1107
7387
1058
8004
11624
4083
6883
6311
15816
10277
8846
3383
11723
10513
10485
6761
2039
7434
11340
5884
220
9380
10307
11740
5346
7396
9464
8381
9127
14838
7470
5596
5816
3190
13621
8310
14085
8417
10677
4866
8034
7447
2697
10031
1716
4063
11073
9228
11163
604
4577
13397
2773
9162
8162
5338
1129
9547
1958
4720
11396
13285
11270
13639
5029
11855
6366
3946
15387
13311
10236
4449
8587
15361
1014
16237
4960
3404
10669
7191
11157
6814
13268
1173
14287
9812
3060
7771
6830
11960
11284
13387
5140
15014
5558
4997
126
1581
14243
14503
11079
9998
15708
3641
15202
13523
5369
7221
4671
10746
11975
5118
10177
2783
12010
12825
15617
6400
4710
11074
13810
8627
13354
13903
9684
9519
7591
5481
9607
10585
1834
14197
11140
15681
16304
14349
16383
5950
2699
10842
241
5377
15530
1977
13346
11294
13814
9608
10617
13806
15910
16173
14489
9634
10185
10137
4057
6860
5975
12083
2846
15378
6326
1519
9433
6231
3684
15155
3802
16175
15645
3691
9268
1599
2424
4277
8001
3063
13612
4770
11399
14551
12579
12745
574
6686
8407
10148
6545
125
10733
11246
13248
8849
6568
7608
1021
1504
7956
14283
4041
14602
9815
10156
5513
4362
4243
15824
8287
11225
6819
717
7152
4654
13377
14238
12560
16215
6479
14626
7495
5499
15412
10157
6585
1814
8924
10360
8381
15438
7514
14108
301
3669
13169
7561
9606
3070
15851
6405
159
4368
2670
10702
8440
6877
2755
2638
11008
2883
5953
14544
12498
3211
778
3179
8601
6377
9604
15261
3277
2569
1788
1809
2908
697
12460
3781
15415
11259
14788
6799
15605
9362
11175
6324
742
10366
4096
936
5764
6785
14425
9022
14566
3779
600
3735
9366
4119
5832
10023
4203
13300
7156
8261
5890
14084
2842
11042
2130
3221
8723
3030
2861
13814
970
9548
7356
1773
6396
12630
7524
7888
9110
2885
200
4405
11339
9925
7357
8444
14495
9958
12336
504
6844
13076
14554
12495
7779
4576
8401
1387
15568
160
13889
11305
9037
15271
2008
12138
3416
4582
16294
14607
12196
4868
7817
6134
10166
10116
5409
12929
5375
13149
8329
5014
5730
13419
6064
15827
2653
15687
11620
13580
4093
11876
13928
9144
1974
9505
8871
13258
6747
13120
11532
10721
13928
5595
5180
3016
5521
14339
10884
998
6878
9554
7838
10920
15300
7818
1219
8057
11682
7480
387
4204
8520
13885
4192
3556
10295
8026
5530
5342
10151
10228
1654
12833
13174
4696
15092
12430
3933
11665
13468
7350
3810
14251
865
624
5684
1164
3970
10003
12698
4288
14534
8684
15695
12033
1170
3506
15500
15952
15804
13289
8149
1866
11612
9709
14859
1027
3
9357
8337
14877
15193
14672
1738
573
14098
13702
15666
8952
259
143
15448
1030
7060
6940
10044
1813
8378
1519
3402
12146
13084
5515
14071
12320
5525
12493
15688
3310
1732
15383
10328
8834
5296
4665
4866
7203
12245
10160
13969
7158
7983
1015
14978
3885
14752
1694
9776
10955
11547
5474
8471
6171
12074
8244
7940
7764
15689
1051
4197
6166
14086
15006
1893
5625
9885
4872
643
2309
9910
15265
11049
15860
7371
11208
14270
1707
6600
9564
1517
4739
15693
5767
16313
10155
15830
10404
8256
11866
14657
1614
2799
13233
12649
12236
11979
777
13509
15865
7929
6884
5347
689
15487
8381
2140
10690
16253
8462
3309
10136
8128
1769
1586
7907
9854
11892
12873
1174
1647
11320
4708
6711
4781
1583
2310
2869
7088
14028
8353
8760
2379
12730
9532
5496
16082
15916
9228
4059
7353
7827
3677
4359
9230
1398
3013
166
12979
15629
1030
11837
6754
12336
13970
10120
3620
185
16062
15790
8910
9040
4890
5568
8233
15255
15053
11311
2380
2395
6240
16347
12115
10898
14922
13065
3092
12165
10092
11821
8135
2204
10547
3770
14753
14434
14351
941
9754
12438
1838
4248
15509
9849
3667
6640
15960
7721
16307
12940
9403
9949
15243
11276
6219
8666
14880
15900
7710
10032
794
11139
4895
3608
2565
7843
12748
4729
11338
401
462
16281
6184
3016
5949
15537
14334
574
13055
7683
8410
11746
6967
7898
3347
4975
7788
14062
7841
6486
13381
8914
1595
5512
3220
15355
5596
2017
2042
8397
1306
9253
6716
14104
9373
15986
5048
2434
14145
1548
16058
12583
2222
8824
15773
13499
7909
5117
8913
14536
4649
11181
4322
7794
10339
14461
10439
10038
3131
10029
8068
8038
10574
12391
10468
2623
6271
8242
15077
13144
5205
12483
12175
3430
3617
1684
14012
14238
5122
5388
15302
3985
5988
6002
14208
9508
7828
2565
6825
2576
5178
12482
806
13205
12152
4338
10591
8350
3979
13523
2556
8220
4986
14287
13397
5699
7574
14385
15891
10169
15034
6478
14873
2683
14657
14816
13067
15571
7401
1021
13452
8867
7190
14244
3447
805
15896
15975
15879
12356
9190
12094
15501
4756
6195
14242
14052
7776
7444
2603
13270
7097
7845
3533
10707
4241
13412
1862
5980
12329
5771
16118
9726
4610
14747
12626
3191
8418
9011
9813
2229
11348
12884
6627
441
6174
5820
6847
3282
3380
15969
1773
10750
2236
621
15511
10937
15323
6752
1972
3302
1688
4294
4888
5129
8254
700
13
4834
3113
12562
6403
3458
10596
3517
914
8961
14359
8447
8329
13267
14069
1088
2872
13105
15356
10730
1388
16170
3526
2483
7355
13530
1841
4326
16163
10506
13954
10899
8792
3550
2758
11474
5703
12990
6869
9038
9517
15524
10552
183
325
10097
10732
3852
9383
13840
12765
10496
8025
3035
8051
13526
11972
10641
8953
3884
5225
6457
3028
11389
15759
7705
4235
14126
16245
727
9885
8634
10175
1840
5194
6357
6141
5753
11443
9818
10321
13470
1933
12598
8314
15738
6896
3559
14350
13138
4114
8331
12924
7814
12488
5364
5162
3956
1019
0
1074
11162
3922
14156
3076
8763
6144
15121
8876
8692
14711
4381
16097
13402
2767
7810
4018
8747
2841
5545
12860
3533
6409
13912
6832
3996
15428
13150
5285
1323
3596
8293
2350
14664
9411
9625
6702
16205
14195
10388
15187
11780
1018
6258
11144
5337
16283
8189
2091
7156
8613
13523
4310
8913
11769
13596
7786
862
14606
11645
11581
6806
1237
7424
341
107
1464
10057
1764
3907
7005
4319
12726
8710
14293
7362
3849
13992
12682
10235
9706
15367
310
5255
8449
7577
12617
2109
7461
14759
14297
14678
9188
12672
4999
14146
7751
6286
11250
4146
3591
9032
11490
15092
10396
2986
9293
1468
4800
12432
12931
15356
1251
856
1828
13403
5425
8125
6777
6090
12648
14294
2386
334
4979
6842
6439
2822
7379
15301
10530
3407
4240
11883
4663
4939
5391
12602
6315
7549
14425
3148
2835
15639
763
11324
14338
8939
9431
3563
15858
14099
8458
9250
4423
2676
3736
7538
2589
2636
10771
15201
10169
13886
14240
11943
5370
9212
12807
10718
12344
6394
11330
11640
11892
10437
6223
10188
2834
13778
997
10359
6266
3710
12269
6999
373
8063
13154
9633
9701
7014
1650
10123
3872
16378
5133
4071
14845
7179
11911
9803
3944
14092
3172
5533
3932
8287
1419
13119
10085
4102
13829
7779
621
3763
7184
14530
13178
845
9811
15883
564
8523
10146
13279
2516
10121
14212
2325
11377
435
15051
14281
4301
13530
13182
235
12858
6393
10633
3594
5225
2396
1966
2677
9747
10917
6277
14174
16191
6040
163
4083
10907
12745
5720
2475
11638
11597
14442
962
9873
3381
10693
11480
11842
2667
8727
8277
15638
4427
2336
13552
7414
1076
7638
2326
7875
5124
480
14154
970
7629
14856
12514
14774
10462
4386
12912
1598
4267
14350
13841
4293
428
5233
13701
10309
9098
9887
14737
9691
702
2327
13927
93
5160
11667
7763
10327
8051
7189
1819
9721
2625
2431
7013
7879
4456
9936
15636
140
1466
8027
13437
15137
3319
1551
13058
14398
9943
10921
1264
7176
3098
5138
1318
8966
10329
9282
14649
5383
15137
3221
14138
422
6347
10456
13429
3755
2345
9261
1272
13957
12320
7125
3647
2561
11420
8324
5416
11471
1507
4311
5200
319
3876
5963
745
6
9267
12459
2091
9144
5921
11597
5572
7147
9596
350
14390
2407
10344
16268
10824
6197
15454
1777
6124
13467
6738
9116
2660
4441
6629
6579
8886
1940
4398
14830
16037
13829
3740
9790
10846
15718
11778
9666
2395
5902
2173
3412
3355
58
6588
2164
9441
5101
15341
3302
7104
6359
1040
15108
1009
901
12408
8656
8129
3304
3926
13356
656
14447
14649
7581
1425
82
12291
949
11321
13792
8590
5434
15979
10491
5177
1720
3510
9944
11383
10540
10172
1672
13206
2577
5176
9107
3401
12803
3523
6001
4174
16078
14235
15213
14999
3523
12465
15452
4752
15783
3149
7030
11258
10687
9759
3674
15066
7407
9195
7088
9828
4140
3171
16014
846
189
7915
2056
15995
9286
6623
72
14250
14485
3885
4800
15229
740
16340
8330
587
3214
15901
13529
4076
5806
8054
6770
12851
14497
3695
4447
7027
11358
7371
13875
1967
3377
3979
3404
14444
14932
11496
1242
7820
3769
14181
6163
11026
13651
11764
5702
5055
10159
3674
4753
16009
15394
12525
15269
10754
7763
2434
10824
1835
90
6131
3270
5714
8059
2135
12553
5685
10939
14284
6316
10035
8315
1537
15746
1839
15668
15812
5281
8551
11813
15027
5880
733
4691
3156
1134
3134
2030
7224
15222
1095
14367
1416
6176
2487
13365
10651
10780
11332
13014
1783
14184
371
12439
7617
16179
4248
12658
10611
14305
1171
1494
3728
3941
5014
8096
5224
1027
9530
13942
417
8348
4339
8043
8017
1670
13825
50
15558
13021
13203
5476
3094
6627
981
12755
3735
14020
4651
4841
14084
8366
11738
14321
3608
12178
9889
16349
6090
3052
15676
14237
2028
14261
3950
12236
9092
11222
13714
11611
541
3938
13673
5403
8371
4798
4593
14358
13458
15040
3153
3942
8861
12077
3161
2107
6550
15034
7254
11655
9437
11926
2393
8202
9344
9556
13199
11683
11940
14875
3436
6089
8061
10754
7026
8900
6862
15671
8656
15090
9814
8502
2932
12727
14127
10880
15647
214
14323
12730
922
13334
9081
10415
9453
10624
8662
10669
9323
374
6174
11516
7504
15472
14808
461
8098
6964
16156
1042
15398
3495
15236
11858
13895
342
14997
6371
4251
322
11515
3067
2154
3711
1795
5671
1541
6283
6242
5277
10538
14886
7791
15401
15230
4967
5755
8261
11231
11003
10590
6049
15581
4663
569
4230
3745
11004
11268
5136
13395
1733
2858
13817
2840
2070
9580
4734
2261
11893
12243
2402
16259
2504
6657
10493
15698
351
1654
14268
9509
12363
12410
14603
2857
1543
10475
1574
8378
14328
13150
11622
2855
4149
946
1655
14910
4906
12859
12790
4224
13010
11885
15980
12323
15872
10877
7011
1949
11365
15444
2935
16177
1358
10042
2687
16151
10246
11497
223
14110
14454
2604
11102
3908
14865
63
5907
15566
6111
12642
14446
8941
15180
9182
12054
1374
14267
7419
8193
15819
8892
16331
4933
1026
1523
5178
7751
13251
15579
8024
9061
6
12833
7073
4011
3970
327
5013
8352
10279
12793
438
15083
9142
4665
5564
4396
12313
9734
2817
210
8259
7270
10571
13695
15052
12572
11634
13273
10535
15770
14942
4427
4668
4238
7263
14598
2760
8184
1579
15119
5450
8895
16123
3646
9327
2934
5053
7256
5938
2988
8085
5798
11065
14043
4204
2340
1978
5672
10759
13858
5144
15207
1365
9350
3780
7394
7739
12571
240
3780
13082
13978
11182
5536
13980
10830
7952
2385
12949
10507
11219
13278
11114
13992
16034
2523
14273
8372
1430
2177
5062
10896
4218
15331
9555
15798
2257
10575
1661
10915
13454
1666
5597
11577
3072
2925
10774
1502
5734
6001
11285
4552
3381
14957
16217
6189
9387
11585
16268
6933
15014
2368
646
13338
4213
3584
13722
5690
8072
1672
14206
8957
4985
6600
6396
5242
4983
8973
13183
6390
5498
15310
15369
16076
15105
3174
4402
529
16130
16368
5409
8844
6232
6884
9172
1267
2674
15766
10532
10533
6995
6697
15931
6179
2131
5524
7455
13727
7683
12157
8424
11861
2559
11936
11943
3492
10535
14387
16248
8428
15225
9284
9874
7413
13701
10959
1302
4863
12720
14006
7159
7952
1247
4275
14556
11570
15867
3221
4686
6150
11782
8798
8955
12248
7937
7323
2286
10461
13334
4163
12565
13862
654
5027
14901
4372
8591
5272
6983
46
12587
14580
1376
1313
13656
6451
13354
13097
10043
1480
15236
13548
16220
14362
1466
2130
4353
14410
6953
9776
10569
4094
15395
2385
10096
13008
11644
6330
1221
12995
3094
12045
13874
10803
12821
9817
8177
6570
11183
9449
13734
11008
12388
5551
10174
4695
8223
15716
4622
235
14365
13561
4193
14742
13126
11431
13880
2375
10623
6114
2442
7996
1
9115
2141
11416
16381
3668
1632
7873
12338
9837
12583
12405
3562
1516
2427
9741
4902
7391
14616
9338
8433
15250
6040
4114
5293
2171
2693
8290
15409
4851
9279
682
12303
7407
16106
3078
15911
592
13351
10791
11623
2309
14419
2260
5812
9664
9919
6661
6527
3192
8483
3563
10645
12697
1210
14268
4717
12990
8515
12450
1055
15279
7224
14500
2733
9780
2940
9196
8297
3109
591
10087
722
9750
6419
11234
9085
615
14767
12652
15679
976
10814
8430
15974
1599
8556
9040
5433
3139
404
1086
6301
4854
10838
3464
4537
497
2814
8356
570
6845
15066
3293
15737
6054
9212
10035
3306
13651
12294
14125
7696
12491
10133
482
5988
140
10113
1360
4702
11506
11426
8399
254
11906
9232
140
10195
11206
2988
8372
16359
3789
3824
10735
10017
8203
51
4597
9141
5875
6895
7302
200
16135
16052
13877
184
14183
15685
15844
3671
16223
8449
4377
16081
7975
15139
10304
5050
13163
2196
9388
2859
13141
6532
16081
14262
180
8052
11077
9464
274
7419
16135
12789
16376
6380
15921
3731
12607
3618
15669
8158
15419
2534
7480
13792
15993
498
1830
6703
11475
8957
1117
14509
12069
15545
16136
10176
8197
10207
11512
12537
14603
9460
10365
8772
4663
5902
2914
5982
13892
8891
4324
8147
7325
7709
9671
12972
11339
1562
3476
11703
268
3152
5400
264
4181
7913
14599
11054
12060
14324
14624
9570
9045
44
13279
3905
7128
9573
3935
10307
12984
8289
5477
6573
6869
14731
5448
13130
14341
12213
15268
3425
8732
4560
3252
13156
12916
2919
5787
10944
1002
2845
8182
12628
1219
15472
4592
9849
13819
1973
8059
5629
10563
9333
805
10617
2417
6391
14018
3337
9891
161
15971
7322
4490
2254
15277
873
1698
9626
7699
254
14394
7354
13052
1704
10331
12161
9059
6634
261
12340
10871
7280
14354
16034
14156
16044
423
13553
12724
4692
9054
14165
11562
15118
4468
9683
13462
7918
11562
3649
12678
11814
2858
1889
8292
11110
864
8991
10266
10936
5452
12036
6137
9
11199
2934
7253
15952
12644
5331
1891
9809
11890
12802
9608
13099
1620
15303
14208
15243
7345
15319
10666
10372
11899
2128
7279
5786
14892
14234
12967
5183
5574
5205
5280
9596
643
10698
2809
14664
2776
10954
9715
1244
3686
8829
13488
2641
5348
15601
1805
9688
15581
1418
15117
9861
5827
2193
1996
11354
195
8728
8967
3
10691
2614
16080
2981
5548
6167
8752
7338
14998
7139
14509
8899
3328
10906
5426
15752
12008
11677
9020
79
562
1274
709
16225
11520
9056
10594
5964
3864
13855
1479
12719
12490
8170
7720
9836
14566
12257
3009
1577
979
4724
11770
2535
1847
3454
6494
4556
10660
7493
767
8254
6178
15118
8663
4004
11740
9802
12848
2120
16049
13383
6459
6512
15189
15449
9452
11126
12851
6527
16356
9894
15857
15481
16214
142
9511
16299
10815
6244
372
8508
6434
5492
7592
6471
588
14385
16290
1602
1916
2839
6753
12840
5644
3443
7328
10639
4811
90
10095
2690
14171
13535
8166
222
8899
900
9880
11102
741
3063
1042
10151
10893
8503
14151
4603
4638
14441
13535
3116
14774
144
940
15805
15041
6765
6505
7070
16286
2957
12631
9053
2932
14154
2308
1024
10621
12746
5371
7826
2921
12148
9102
12793
11797
15641
6314
12879
3139
4224
1196
14514
8942
6524
945
8456
1857
15644
12406
13381
5992
1936
9562
6804
10431
10610
4756
7412
2668
9047
1055
6806
1336
4315
14079
28
7393
1446
8523
11137
3325
11729
9950
9173
648
3410
10064
13795
3992
9553
5835
11040
2508
14465
6285
10163
11522
15919
10423
559
14027
10116
2443
11710
7270
9846
3284
7159
5717
11711
4623
5299
14899
6800
15953
4582
13805
5709
2921
8555
14201
11791
5625
13380
2441
9764
6590
6103
16025
2583
8176
12275
5687
8538
14973
5720
885
8359
7311
2641
3477
4747
13207
841
12222
9768
5792
4099
11533
3698
4792
5415
14805
16176
5377
9102
14719
13307
6773
11245
8983
10083
148
10775
15660
7162
12287
4093
1778
8030
1786
7262
8093
255
2810
12363
5031
379
13823
3895
6842
3504
2306
14565
15954
1112
216
5906
13649
8366
4037
9552
13254
12414
1156
1477
13517
14623
12048
4570
9921
3337
10346
5100
9759
5925
15301
5700
11561
10301
3431
1210
16134
5678
10661
115
5212
14601
14010
530
12475
5909
60
5938
9597
13791
8810
15420
14411
1999
12183
8977
14155
4562
15540
2068
1900
8406
15998
1085
805
9975
7513
5955
9911
6021
13235
12890
10669
15808
13264
10276
13936
3712
3983
4577
15875
4400
6351
6072
9592
11045
12566
14075
6069
9347
6095
15216
1126
7333
15124
6136
14317
11703
11523
6845
9921
1532
8195
11102
202
11932
8540
4735
695
14588
4527
805
3902
2805
1923
10509
13882
13204
8495
3668
1484
1319
840
11373
9059
12044
1131
11785
4555
12502
14554
9877
7389
12738
16062
4028
14348
6397
191
3229
10454
502
465
5958
10293
8955
14735
12966
2749
1925
3143
12226
11984
442
7850
5625
11683
8347
10989
1393
4319
8047
10097
1347
10156
9110
10455
7816
3026
9196
858
15132
13785
5605
9018
4632
7527
11184
10949
14539
15135
14015
4167
16103
6734
795
11662
2647
8439
13115
3943
14580
16059
15865
3567
7904
9701
14219
7734
9702
11543
4198
1113
12773
11014
7566
16223
5686
4677
7616
14248
7437
2510
11993
10864
11354
10069
10195
15996
4101
2054
648
10164
9470
13413
14540
14757
11756
7646
4568
12210
11858
4771
13831
1400
8433
13189
10414
6297
9911
13658
15689
2781
13639
4059
8334
7843
1539
364
2739
11226
16075
15851
837
7949
1421
3587
10407
2628
11915
12529
2809
14533
5624
2837
7808
16212
12973
5213
16169
14457
4362
14132
11606
13957
8431
4725
16056
11039
7619
2176
9970
12614
1145
13626
13925
11127
9020
14673
11706
12822
10129
4875
4607
7103
4330
15594
7298
1452
14457
13965
14075
12231
10140
16151
5911
3249
8704
10685
3580
7579
6249
14674
15918
10571
7476
9815
6888
1573
10889
9181
6435
5422
12339
8993
2865
12912
12020
8032
11750
11410
8519
16155
10661
4411
16183
7639
16218
16373
672
6072
1132
11987
3556
5470
1925
2885
11429
3059
13876
15617
2303
15044
9782
14556
11122
8306
14208
3622
6872
14658
3443
4458
15814
9866
14323
13405
1254
875
8398
8587
8540
2460
589
7038
16193
10277
432
6743
5601
3375
10757
15484
16293
9417
10536
7492
837
13426
15668
6681
334
13896
2998
15753
3656
3564
10268
15605
13800
12342
15562
10775
9333
3787
7008
16280
13767
13516
14428
9490
5406
5462
13033
3790
10583
3287
16272
4924
3864
6188
477
13535
13079
253
5188
11360
1843
5207
9940
9298
16133
5121
15245
7810
2161
15498
11781
14319
9600
2521
14022
2227
7373
5701
2409
289
2091
3843
11809
12115
3314
6084
522
3998
4748
11678
5927
6563
8310
1668
12562
949
1597
2910
2883
8795
15911
13408
14867
11405
3737
6968
9170
2761
10205
13871
11637
13840
2576
6800
9558
11484
4448
11706
14410
11694
7692
10864
12383
1209
9820
3030
2861
883
8611
13612
4135
13017
1771
11431
6282
14308
4178
976
432
1007
6084
7005
6916
7688
9572
3387
4064
14912
14481
3530
13292
9848
15123
5829
274
14377
7999
7153
4472
6639
2213
15773
5354
3316
4297
1436
8393
16323
6692
12730
9306
15373
13610
5065
11368
2796
11945
15338
1339
10758
3181
13435
7389
9504
11578
9734
4609
13136
2491
13282
15241
9736
8579
585
14006
6008
6678
8125
678
2809
11004
9091
10982
14477
12581
4161
11426
5058
5318
7412
4406
14569
8462
2043
1272
2627
5142
10136
15033
2900
15948
12642
12835
2752
204
16343
1863
8496
14685
9081
2926
5789
16214
1447
11705
12579
8321
3641
8102
1707
7921
13395
1543
12478
961
4726
11409
15778
12403
12713
11892
4442
5416
4833
16156
5059
10226
1004
1026
11846
2990
12903
11638
11590
6288
16208
7529
13740
2818
313
450
7256
4180
10577
5697
14831
2818
12777
4254
13274
448
4707
10987
8455
14471
4788
398
3836
14283
8549
10295
15181
4913
14743
10687
4926
2791
14551
9055
15822
3343
5687
13188
7768
9799
11597
10653
14849
16367
13875
9460
12624
13707
12839
6547
15372
12601
10370
1678
7024
16089
9882
471
11579
13904
8613
13495
13941
5460
10647
12323
2949
14598
4206
16101
13323
9486
14444
15804
9064
7517
11045
10577
7289
6893
16214
1419
7107
5122
14714
11097
6854
16214
8643
12597
2216
5056
6294
10337
4315
7680
14278
7845
1158
13710
15720
8773
5406
11121
9507
2218
12664
15574
9665
5696
15636
16194
8376
9205
4172
9519
9857
30
6541
6060
11589
8720
1629
8736
3284
11524
10357
143
13358
10726
13798
11791
2800
2797
15063
16256
1192
15083
10359
7321
4563
6544
2947
4880
9475
12453
5696
12200
11411
9467
15546
13469
123
2215
2941
174
2345
8785
13260
736
3976
13154
7308
8630
12308
15725
12297
2301
301
11792
16150
9337
16211
941
7698
12476
7327
860
13555
4535
9521
12064
6234
1024
3907
13628
964
590
5771
12573
7739
693
8811
12355
9471
1494
4491
8980
15331
12381
15528
15804
11999
8033
3859
9924
323
10083
14548
16038
3405
6025
10554
10444
754
6222
5207
2227
6812
8647
2487
11740
15316
6274
2225
1649
11092
12508
2094
6463
15912
10366
12033
10006
9575
7549
3938
15685
11203
16070
5702
8673
3634
2287
342
1151
5094
3644
7498
5949
11523
6991
531
7556
8630
14765
12288
2801
11659
15888
13985
8991
5461
422
8390
14805
14038
1100
9706
5998
7394
7994
4332
2589
445
15396
2360
3395
15089
4826
13607
14541
12211
12279
6073
15835
13999
15127
2589
3423
596
13652
13356
15939
13773
8008
3267
1370
15182
9665
15256
14018
14666
14057
420
2490
10344
443
7383
6060
7730
12631
6581
16365
617
14871
12737
14683
11644
2248
15788
5973
7174
11280
15368
2214
2636
3866
5813
12499
10168
4716
5551
14436
5563
5105
9377
6546
12776
8941
15289
11631
3641
10539
968
7756
4141
9932
8981
13308
5904
15884
4238
8675
10620
6643
1181
16297
8835
7898
9157
12364
15239
7556
508
9188
3606
3095
4920
8729
2321
10081
943
7326
4219
1793
2846
5551
7199
3527
3139
14749
7928
8264
4924
2124
8871
3613
6594
11135
15700
15864
2917
12117
7699
14205
9941
10091
3336
8348
15971
5012
8016
2492
14609
11776
5488
520
707
13295
7395
4513
16241
7083
12769
9461
7770
16017
5331
2241
7107
279
16039
15982
1968
7153
14369
16184
12658
10518
14792
8593
15496
9332
2491
5567
5797
14202
3513
11357
13637
1122
8986
10904
776
15064
8911
290
12173
8597
15480
9252
9160
4200
15759
10834
10633
14359
9766
528
16196
6039
3953
4347
14565
7458
10075
1222
3659
158
12861
3211
15500
11917
6409
3291
16192
10786
9763
7009
12883
5896
12413
7294
1828
4020
3031
13633
2439
10844
10690
7040
14727
3034
1408
600
10149
1868
10990
15274
5910
8567
15593
10952
2797
2995
6924
16258
10246
732
6457
12341
5028
10118
2065
14331
13038
13275
6673
2648
12397
2719
15324
6470
16025
5569
1530
8322
1608
15413
15411
11287
1003
9313
14761
3933
12839
10746
12264
13084
12379
15848
9673
5191
16249
9039
6907
7760
4203
4768
13286
12683
1533
8606
3834
11243
13193
5054
2053
13962
3822
2637
4182
9392
4732
4858
13555
2381
14383
5285
8469
1732
15452
8671
13278
8776
7312
5178
13053
10739
12466
10684
2368
7417
15602
8988
868
6697
13975
12222
5402
12005
5882
11265
13682
3969
9620
8179
704
6879
4715
3242
644
11214
6194
11451
1498
8545
4744
12198
5081
8559
1404
4407
7896
8334
13969
797
9098
4259
9411
5215
7044
7458
8395
2793
4320
11691
14220
5581
12901
8827
11576
1781
1459
11973
8961
16132
8181
11953
13324
3846
4936
6209
6375
8075
744
7650
13773
16175
15937
5607
13307
1114
10824
2854
7665
15161
9025
12825
12771
671
6274
6469
9942
15505
11581
2049
4696
113
298
6677
2318
5778
9575
11475
3121
1696
7670
6212
5181
2123
6835
9079
3059
10992
14403
708
2045
7623
2992
5950
12555
6803
6057
2567
1703
13332
8813
4788
7645
11430
10482
12420
6070
12257
14503
14790
832
10905
10482
2395
1086
11548
7011
12525
13089
8421
3004
1578
10119
13203
4047
11044
2633
9332
15672
852
5821
10177
13433
15869
13860
12179
7233
12710
11461
15993
5790
8924
7949
12004
5207
4830
6059
13183
13634
13533
6035
4826
11990
7521
1203
1451
3954
5391
11730
13057
9649
9845
13798
518
67
1436
13047
471
5701
408
13470
13811
4390
413
1272
14985
9068
10387
2261
6829
8696
12433
2404
16024
6460
9278
8475
8693
7706
1192
11655
15520
4872
6071
2221
6195
9696
11658
8362
13902
451
7993
10723
750
7844
14019
11906
16201
9194
12273
7931
15576
1097
11227
13323
4520
7788
6805
11515
10582
2237
16121
7296
11555
13293
1953
9716
11018
3225
8779
6020
12176
7182
2425
14256
6827
2804
4544
14769
3185
2218
6788
338
8350
7492
1512
8150
15957
10803
9382
14536
15072
14141
6521
5084
2436
3261
11564
13271
7844
964
13800
12612
8102
16136
5266
6062
7071
4224
4011
2299
1353
12593
4891
10982
12167
580
5133
5338
3872
5039
4472
4474
1959
9287
316
7006
2235
12113
14443
1252
1948
5643
3646
1448
1320
9985
11569
13325
12209
15776
7381
6651
605
15555
505
854
8426
12565
14085
10692
8992
711
3544
1236
1398
4802
10158
4333
6824
13593
4881
15071
5080
7110
4211
16260
7647
1667
6841
9846
8487
3082
12584
1112
11706
15327
9889
5150
6348
10483
4732
1794
1709
2979
14945
11730
3541
2416
1454
8507
10538
1884
15375
13552
2984
4974
8957
5263
13759
883
9679
6702
11290
14605
8625
6697
3572
2253
1880
1912
3526
4594
7892
6204
11536
5605
9624
5324
11747
10471
2040
5659
6517
3386
10601
2385
16258
6038
5683
10700
5492
12332
1738
4827
2503
1069
8338
3778
14134
14779
16307
7182
9937
10470
5388
11631
9493
14686
2136
13218
3551
11215
10116
8505
12600
6857
14909
2839
1239
3965
125
16086
2064
13428
4354
6022
9379
1327
5505
12320
7058
11328
7962
12129
15341
4143
3112
6610
5729
5610
3520
10168
7061
548
2406
9696
1501
1915
13083
8792
3238
8708
9492
13570
2760
5708
3821
15394
4215
5576
1657
13730
6069
10564
5297
6574
15593
1188
15411
1034
11376
10382
10032
12616
7601
1794
12490
4847
8449
4779
10085
13445
11624
15069
3001
6265
12004
8615
5016
13895
13236
11793
5296
11799
2637
1175
11909
12970
2243
10458
3057
10146
2764
6509
3331
4315
9251
15504
2176
10118
2783
12642
12090
1065
11488
11450
4404
9579
10062
477
2389
11834
3704
13084
10432
15375
15552
3175
12907
6315
3636
8700
15044
4897
11360
6273
5126
553
8732
2633
3040
901
4536
11249
6498
9624
11869
5712
1068
12034
4036
8769
10837
1192
7365
12209
12913
9934
97
12377
14013
5391
11255
8220
1901
15915
3305
8839
1313
5322
7168
7686
8861
12166
12177
489
10163
11855
13735
7445
1078
8490
11343
6850
1378
15321
14217
15112
6555
456
9301
3751
233
3713
6924
7716
43
14559
4436
15214
11904
893
3401
5900
5768
5428
16225
5342
5328
1531
8486
9435
13598
9417
7077
10159
14161
1771
2595
10496
2179
8339
3282
6958
6638
8506
13589
7757
14337
11136
11610
363
1355
5936
16319
5899
15766
1504
1101
4198
13975
13617
7550
11774
7741
3196
1819
1436
10408
4000
8219
15114
8813
1652
3012
5686
8457
13176
13889
1374
8734
16251
6508
9638
3846
9253
7652
1420
8043
1994
8339
9021
4736
13220
13826
428
11481
4556
160
3282
12331
2027
15311
1375
3572
10335
14933
15016
2630
1131
10739
3158
8763
3614
4714
2981
16179
13140
8942
10667
12788
10041
2978
9810
14592
12029
2081
13541
10514
9837
15414
7798
4031
11320
11742
762
12737
13242
10167
6557
1837
10799
16277
789
8768
14442
275
13486
11027
3363
2192
8838
1601
2875
13681
14253
7636
1797
8435
3525
10129
5448
2024
3830
15920
14559
15959
5423
11941
10289
26
10114
14592
9337
14148
1939
12476
307
10186
15518
1628
10493
2602
12809
9454
1947
4343
1427
466
10838
221
9089
264
7394
4814
5538
10033
12321
1894
10526
3579
46
10943
13739
12042
1684
13485
12696
13061
1826
6417
3224
3282
15529
11078
11981
13406
7093
7748
3345
13149
13318
5077
3232
7160
13280
7356
10173
14823
7424
13021
15272
11411
14430
11867
4248
11222
4798
5536
11983
9263
10906
4814
5608
11388
13496
7469
9812
3409
12833
11236
1523
15510
4291
7590
2357
12168
6691
10934
16166
6863
977
5009
8414
2780
3148
5769
14805
9167
3434
10772
2701
11297
10918
2187
7293
14996
13533
10930
10126
3431
15880
15236
10429
2007
5091
2898
12510
6508
13132
1856
12900
13903
14137
4143
14734
14042
10821
15265
11542
14128
8322
10690
14644
3624
5512
8150
10921
1935
14857
448
14555
9571
9496
14123
12197
5431
8375
2847
13466
2220
15994
3369
1458
10085
8544
15411
6840
3264
6885
7466
5562
984
1664
676
1964
10997
11989
11652
9956
16325
7352
14568
5601
4518
866
10736
15451
2116
3708
12549
12653
6362
14321
9204
9478
3969
5312
7619
7225
2818
3943
5507
9948
13202
2539
3383
9013
1911
15465
11088
3604
10276
9705
4404
13125
9452
13872
15224
3237
14879
14415
6828
8183
3855
8189
14717
7517
8
2719
7432
8309
16085
5596
5496
130
9767
2869
9920
3450
4512
8676
10581
6484
5356
10951
13865
16230
4736
15749
2681
13597
10770
758
8876
1004
24
14528
14459
14671
10930
12457
12733
5576
7167
2430
7975
4909
14160
4857
8289
9310
16162
12314
2655
7776
397
6033
12515
14033
11838
1550
4417
9330
6641
2144
10237
11573
13445
637
9109
1271
3514
11618
3346
2159
3126
5206
5499
10234
13742
8300
72
9934
11380
12904
9974
13940
9961
10624
8849
11409
12334
10683
3555
6280
2345
1422
11085
11137
6673
12664
3202
8829
16283
9431
13239
15780
10403
10003
7288
1262
2709
7486
1745
8245
6557
15535
7677
1383
2662
3156
9213
10163
5288
2138
2095
4904
13830
11430
460
453
12611
9357
14147
8038
2255
15680
3134
6862
5094
2622
13737
11099
5643
3380
8025
6906
10112
9015
6196
14621
15143
8421
4009
5777
9230
10205
2329
5146
16228
14237
10492
726
189
13853
9637
228
16141
9713
4139
2122
11112
316
7265
13807
1017
5813
4362
6823
6137
8672
4377
2625
4647
15191
5952
9517
15653
7289
2092
9622
7357
854
6124
13028
8188
5593
14905
15483
13312
2173
6457
8033
2313
4260
6873
4831
11715
5424
13922
4247
5398
3951
180
3577
14348
3216
10952
5627
1478
14360
15434
4350
4177
10186
10137
11457
5818
10378
14330
6062
12815
4131
1887
5774
938
8771
8786
7800
11909
3586
5094
2544
11991
8418
434
12305
2354
12638
3090
14070
2461
5564
9825
7473
3118
13017
15990
14629
7437
13336
4646
10158
6484
5858
6156
8681
11281
119
12264
4083
3728
12192
8185
3038
8807
9320
2743
1276
10031
14330
14472
1353
14647
984
8027
2496
1599
14997
2764
5973
5786
12975
8362
4055
15655
45
1587
857
3883
3887
15218
3259
2288
1122
13928
6471
9629
3487
7516
2337
15345
5384
6339
8164
8129
9866
463
2286
2741
9524
584
12054
9741
9865
16150
14077
3715
5547
9490
15787
12028
5805
3804
7927
8708
5967
14000
9472
922
7567
12314
13
5722
3980
2135
14718
14561
1408
228
4774
10063
721
7209
9799
2303
15121
6360
8127
6722
10396
389
6567
973
12996
1494
16218
1566
5741
9550
13790
6012
1178
2028
3115
9171
3674
6763
3712
5240
7885
10759
8168
644
6383
10973
3723
9028
12847
1217
6068
10869
12615
757
642
14061
13508
11970
13682
7919
7818
2713
4942
12810
1746
5902
12911
11976
10781
1588
3168
9471
4077
9449
3193
9962
3614
77
8032
12233
3264
14503
11814
9582
1449
3356
12282
14736
16179
11359
198
5170
15807
9946
11707
5525
2869
398
16080
8464
425
13362
14295
1765
13585
1812
13430
15348
9930
9798
1551
14263
1162
12872
991
388
3546
5151
4656
1771
12961
12828
681
5020
3888
5838
5227
5322
6116
11923
13460
5781
8505
5662
13228
5801
15213
622
15815
12854
15492
14618
10572
14153
12643
12936
137
14003
12537
97
13382
11746
130
2098
13084
1625
10814
7610
3038
4397
13608
1697
12198
7904
11819
60
13559
15581
9045
11157
4784
4973
5376
8571
13566
10239
10878
10333
1791
10335
3477
14970
1197
16279
14752
13013
7527
16247
10627
7044
15930
15945
8914
4215
5098
16242
7416
7210
9078
7887
1851
8221
231
4503
2202
5716
7484
13052
9371
13124
6667
1293
11291
7561
12107
11476
4811
14797
1669
13870
11816
3778
8393
10977
16264
14057
13434
7708
1295
2626
14097
5593
3053
14500
2808
3346
16164
2701
13747
6155
12983
2390
13582
1047
10780
2316
13501
7128
7269
4839
15321
9855
14340
15588
4779
4808
302
8345
9340
1304
4652
14393
13504
16363
12301
14882
2035
563
7538
2756
4777
11468
10348
12302
11689
1215
15268
1514
9793
11761
6797
13752
6039
4016
13933
14601
10689
3336
9561
5280
5443
5235
2133
4023
12465
6475
2879
3899
12142
2134
3402
711
2939
12177
10660
4900
1469
10698
9078
4975
12060
14879
11702
14195
6954
15571
5598
584
4539
4855
5403
15730
14814
4060
1649
16335
1319
5214
11158
12419
7141
4828
512
10745
3013
14308
13992
3193
9262
4708
14923
2913
14796
1966
1895
7823
16139
8759
827
12699
8037
4799
14741
14884
2985
15533
15145
14575
11449
12610
6386
10798
2256
798
14274
12825
9556
11975
9494
12170
7673
8925
1033
9704
15225
9544
11528
688
11230
7487
556
7669
1961
1172
5254
5080
14015
4978
13563
14075
9043
15266
14081
414
15417
1820
14545
4052
12410
3974
1908
11198
11336
13448
4513
6965
15836
4083
15240
5907
8883
2451
10562
14278
13899
10643
12832
363
14293
6813
14067
9772
6152
12822
12947
7304
7231
14652
3703
15123
1798
1707
6275
15150
2731
5949
9658
9899
325
12631
418
13053
10275
1970
6279
10906
15833
3209
7131
4557
1196
56
41
1968
15762
5673
6066
7195
5997
12296
1118
5594
12953
15035
7509
9518
15483
59
2521
8528
4389
12851
399
3310
8067
7438
9780
9617
14543
11015
7496
8039
15849
11019
2921
4837
9242
11145
2938
2665
9737
13177
11396
5068
12229
10541
107
16368
7928
10188
4720
8171
8257
7511
5292
11111
11159
2776
1873
15651
5757
2687
7051
14986
6790
7345
8216
3679
9678
5966
4747
8048
6479
7508
10868
15214
13324
2913
12427
10110
1399
3433
12684
5873
2235
2356
14515
8439
10098
4719
4133
6573
7995
5358
9333
9571
11513
1359
2814
5844
7743
10170
14430
5839
16187
14083
15732
9084
7165
13017
6922
14958
4443
9107
13944
9098
9395
10860
5103
6025
12830
13563
5035
13035
8759
5216
9812
6768
11483
5236
4050
9532
4319
14079
12803
8699
701
989
12276
4635
5946
14527
11252
8189
3951
8584
5513
68
9578
12550
2417
7232
5716
11596
15936
5974
11308
15048
9666
4655
11694
11082
15021
3725
2609
9231
2011
2874
4483
2629
14993
3241
11823
5321
14549
1138
12051
7506
10203
11247
9351
15613
12426
11985
24
12702
12852
1239
8016
2537
13080
6963
6617
15852
7535
3769
6146
5733
3262
4498
913
9574
8846
10416
3125
6028
1973
13584
5027
11110
13170
16211
9819
4915
10990
12087
1975
11604
10835
4449
2607
15334
15056
12442
12585
7931
13428
15410
847
14452
15687
2096
7619
6515
1808
15814
11594
12132
14200
12502
11309
10560
9691
4258
11585
13546
4433
11177
6197
16208
15851
10503
15686
6762
10178
14649
7385
15822
11215
7768
7484
14785
14919
8850
11264
13596
4352
2103
9158
5791
14157
12832
7470
13932
14083
9900
13455
3940
173
9342
16257
8862
12320
6761
15046
12262
786
8432
15146
3073
7765
6880
10796
10495
2177
1381
15235
4526
4530
630
4590
6955
10865
14462
4573
15081
113
9826
7445
2467
13261
6337
11169
14545
13520
4372
10969
13461
14459
2100
7691
11583
9395
5000
1059
3411
4007
14671
11408
4337
7036
10595
2072
10603
15010
12880
15738
12554
9588
7732
10752
10993
8528
11905
12129
1224
8533
1822
8646
1147
9232
2739
12479
791
9206
2788
1347
12756
2333
5146
14774
11539
878
1920
4916
15933
14976
15934
766
7154
13190
14258
3397
13652
15968
15134
8904
435
13093
2590
6777
12774
15009
4729
6004
7326
1861
8588
14069
2274
7343
3485
2986
10071
4274
5015
13891
10172
9529
8898
6609
1346
8758
6909
5152
11655
2544
2903
1527
11143
12009
14256
267
11435
8341
5909
13477
3005
10023
4944
11560
9318
2064
2553
12892
15568
7789
6969
15032
391
13981
10837
9277
14862
10826
11124
9513
6269
15048
4517
15850
1213
5042
5215
5512
15946
4843
11097
4808
13241
13531
15465
3822
12497
118
10507
8946
11432
13776
10754
4549
12441
2399
10986
9771
8280
14503
9307
14575
4076
2230
10115
465
3574
3428
1442
2208
1895
8152
8373
6847
15511
14022
5568
153
14198
16105
9899
236
12236
2403
6731
15601
9838
13572
14602
14635
6363
848
13795
737
1303
115
9299
8629
313
764
3020
7631
8254
8133
7854
3983
4636
13412
1130
1203
12775
3471
1302
10656
15383
10743
1047
11575
294
13091
12659
15347
12247
6168
2759
1909
6126
1427
1276
13906
11199
12533
9377
891
9318
1379
1415
1252
7623
13673
1450
7602
8060
230
11926
12249
10266
2474
14599
13569
2213
10240
2112
10007
13145
13848
8490
4199
12947
8742
3981
12143
10015
5068
1313
9313
13340
3211
15458
3086
4683
6351
10524
2995
395
11855
15388
15999
13409
8493
1016
13140
8015
8213
16358
1864
12155
4995
11649
14146
2207
1018
8818
11478
3775
7947
10895
7026
10412
6241
4896
7734
12771
5681
3637
11023
5910
13536
8799
6446
15163
8420
2345
12308
5509
5301
8022
11695
3695
4353
4502
5664
2894
6456
998
13377
16265
10521
10175
9361
136
10488
3360
2451
10726
12550
747
9115
14031
2716
4549
1280
1231
12158
12979
11686
12283
13704
1410
480
16086
13230
6807
15231
7127
12138
6762
713
1110
2961
1683
6601
2764
2055
7850
12821
6109
9996
1565
10627
12176
8343
9257
1610
3283
11709
14057
10734
15075
12580
6308
11706
3733
11365
15891
5329
12463
9196
3952
13089
13798
1821
11323
8994
9813
154
6738
1512
7297
13976
10112
2840
6337
3022
14340
14927
15587
10434
12447
470
6514
7709
6203
12237
10043
4563
1975
10158
13694
5452
13045
833
9700
6971
15175
12709
435
11823
10992
6713
3703
7453
2536
8694
5385
11806
3196
6899
14383
3757
14412
13192
8575
8842
1288
4359
12271
10412
1961
5844
14746
12943
12664
11110
9925
15231
16186
1578
6473
15130
14360
5464
8563
1998
6292
9345
9828
7090
1455
15110
13750
12928
6885
5568
9506
1660
1304
1412
8584
6732
8748
2038
2503
2714
1416
9864
11053
714
8028
10558
162
9462
15748
15950
8784
8749
6783
4781
534
2652
5301
11052
13438
6942
11627
521
2168
13007
4726
2550
11058
12507
15263
8212
7795
4149
15172
13007
820
6277
2969
13462
5059
12869
7368
5818
14388
1861
3166
7225
2389
11807
13335
9631
9311
14101
10716
527
2506
10771
5378
11380
11866
13277
3699
13683
14707
1073
14257
5618
12249
14385
15302
7661
6920
13359
14874
7934
13413
14396
12930
14842
437
6274
3231
12313
14574
15670
10178
11327
15436
15870
7473
6670
6409
3987
8217
1743
16112
6872
2828
14848
5747
6280
5953
7023
10727
10418
15476
1073
16121
1853
11721
14729
2834
13442
2766
7129
13137
5092
10451
1248
647
6176
623
746
11180
10436
7416
7233
5937
4030
2108
15281
10579
12942
146
4941
10424
3449
9607
3371
10886
12378
9255
15393
2168
1616
6424
7669
6681
7395
2133
6338
14522
5171
5767
2520
12050
3908
605
10883
7397
9375
9777
6433
1339
9535
1850
14400
11152
2904
2454
1159
16140
6386
12943
8222
13345
2795
14961
5448
11358
10297
214
182
12575
14093
16066
4121
14561
8658
474
7548
3834
2799
2842
7432
7746
10852
16217
5243
11346
9572
11408
1117
12757
14881
5553
15194
4733
9665
414
16254
5176
8220
2457
12994
7929
6748
456
14025
3847
5096
4142
13635
1216
2320
5934
8028
7113
1895
7945
14201
10632
16034
10377
565
5154
9392
16303
11195
15722
96
2022
12850
15277
5126
15549
8272
16015
13750
5191
13512
6251
118
8593
12110
9096
14148
11529
15871
12444
2083
3433
1785
14538
2524
14798
74
8098
15562
11900
2556
14579
12933
5936
1840
6655
8588
142
9612
10594
1263
13065
13817
969
7600
4598
12271
15285
3859
2918
13025
5581
4010
9454
4553
13925
7799
14448
6983
13537
6672
3104
6483
6292
5460
1871
5012
9040
14352
10928
6816
1305
1273
13690
9549
10994
9868
6649
8689
8693
12115
8614
3650
7646
10320
2589
15611
14039
15006
14181
12506
952
1554
6359
2402
14839
10403
9644
123
10265
7968
2882
13137
11981
14748
3915
6452
14665
4542
10792
11892
14323
10363
3950
9261
5768
10142
5233
6188
4982
10110
7498
15335
14696
8366
12171
2563
9997
6459
478
14587
14944
15735
3042
12845
8614
4974
9737
4175
11807
12691
10002
10675
2355
8170
12489
12350
5934
14153
14135
10261
12175
10238
1807
4144
5276
5644
10806
1376
16314
1097
7122
13348
6094
15060
10930
11388
15333
6429
6933
10887
5534
6077
3970
1279
9493
10034
11938
16045
2324
1404
1506
372
10327
10170
14088
310
12552
13190
15383
11706
12799
8959
357
5705
15354
3190
5614
3493
12737
13658
11001
13203
11139
4787
3314
6974
6193
2007
7980
16160
1027
11502
1849
11497
13053
464
12607
12341
15861
5681
15920
14918
4949
1099
13859
1770
249
5087
2136
14093
8000
11686
12111
12887
677
11243
14371
1449
1530
2911
1672
10554
3587
14895
9640
10595
2349
6987
13134
12512
6580
13318
7156
3506
5455
4605
13148
4310
12783
15128
4346
14944
9276
12069
10787
14428
10139
14929
11409
9260
550
9493
4036
796
8853
12811
14716
4521
8368
12012
8705
9825
11621
1070
6570
13573
762
895
8755
15386
1330
6414
4723
8995
13611
10000
6182
9468
2426
10165
15110
200
2766
9252
14479
5480
12390
14856
541
203
15204
1316
12853
16053
5128
12270
9263
1466
3220
2066
957
11508
5157
1834
6740
5946
3945
1867
14134
14195
9463
2374
8812
13414
8714
5367
16268
5613
12040
3076
3872
15981
1185
14654
15159
16233
13588
15535
7791
12426
6298
250
2079
13715
841
4645
10875
6093
171
6880
1545
11356
3115
6802
2834
5225
3725
4032
8214
9604
12013
7491
6364
1037
15029
3808
7884
6186
1176
10157
2851
16276
13581
10777
6474
4730
10052
11113
4352
13700
16225
1566
8804
8465
4449
9514
7896
1815
14190
5585
2597
15924
5673
11652
16127
1046
8678
1234
11363
15208
5333
8381
6860
5203
5797
6672
495
16323
1353
2933
14733
2348
5488
255
377
3599
15776
8402
3009
2360
14535
12984
8673
14669
2823
11476
15379
7510
9157
631
3281
8733
10604
10269
8628
10457
12455
10671
4212
6327
13887
870
4778
5298
16201
15407
11071
13945
12453
6045
12952
7440
385
2315
13582
1032
82
3675
4009
586
6349
11420
2461
12538
10597
5156
7883
6695
14817
2415
8778
3487
6027
4129
14254
5208
407
13436
6591
5579
12379
3676
7786
3212
3112
6925
194
13800
4647
8170
8812
7108
6586
14842
14636
13885
15186
14657
50
11025
15302
2584
853
14205
3231
536
14921
1639
7567
7953
15184
3845
6333
13888
15929
1466
10033
14096
2044
3974
12630
10362
15383
2035
15370
4624
11658
16018
9788
16313
130
5238
6058
5569
4094
12084
2985
1782
2528
16332
12540
2413
1833
5885
4770
14838
11986
1679
12688
13965
14639
4092
12634
2114
7718
2962
7102
4902
12519
3964
386
4732
9129
11360
9512
3612
2218
15608
15182
8725
8127
12408
1185
9971
10107
3618
3198
6977
4626
8726
1818
2179
15056
297
4520
662
5477
11348
10214
2131
8948
16184
7823
9713
8130
13903
10273
2108
3692
4760
3024
16097
5390
15216
11898
13199
9349
1859
1911
4204
14327
2684
10113
11617
2067
5368
9504
1584
12776
14296
10339
9950
10514
6532
13392
4260
7474
11156
7890
9267
6505
4948
12789
6573
3178
3100
15835
2972
9373
5708
10018
845
15533
5558
15413
13835
15695
15011
4909
10794
208
9146
11954
8461
7998
2155
13446
3200
6406
14660
108
5316
14013
11383
12011
8042
10661
16084
8688
16331
3352
7615
16229
1265
8497
7864
16135
7299
3063
1742
15887
1092
1705
612
15482
2654
9505
11864
536
16313
2515
393
6237
15049
11844
12674
13942
10796
9384
3710
140
4388
5167
12717
5732
3908
10516
10068
7433
276
12694
6636
4935
1189
15892
1587
11579
6994
15635
4143
3199
8304
15390
8483
2628
9956
10757
913
7617
14032
12952
15026
161
3580
13417
6163
5189
1663
13241
2217
3459
6208
11572
11294
11886
12849
6003
9491
4635
11744
8544
2919
11811
9443
14916
7768
15888
14929
5318
6004
16122
5616
8815
5577
14840
10002
6214
15468
16212
5311
12806
12650
2976
2609
14817
12734
9628
10072
15868
9147
6787
6386
13057
2881
597
16274
7826
9000
6911
12804
8994
1371
15300
9543
768
15024
5066
6103
5545
4735
5303
7535
7922
10175
14665
15721
8845
11564
4348
10000
11268
397
3821
16022
2208
465
3170
12020
2878
15207
5998
9128
4480
5164
7926
10461
15152
5380
8106
758
2401
15223
15648
14577
4392
5445
1674
13231
424
1439
1909
11456
993
8951
4351
9101
2402
13773
487
7962
12948
3272
977
769
11806
999
14146
13151
15828
4083
13839
2927
13082
15372
10319
8575
13744
6122
12955
9299
11939
4465
11980
14115
4156
4560
13304
5496
3964
9437
12685
4004
15581
2540
2680
11482
5871
10559
6234
6484
13999
16305
7604
3267
3219
13649
2855
2043
14613
8283
4724
15298
4677
13723
8365
15633
11815
593
12143
3410
10553
872
2372
11621
7560
10813
12606
12916
15356
4551
14978
1693
4291
499
15936
209
9789
1743
5320
13182
2653
8768
1012
1987
15521
2252
513
1272
4247
6969
7332
6891
3667
12151
3725
15040
12409
12975
15233
7520
9776
12280
1565
7705
16334
4324
15212
5455
1975
9304
8701
8030
4407
12378
14515
233
5397
4964
1679
13611
5227
8497
14854
4809
4785
5464
711
6644
14616
2122
9799
7650
5107
10507
2029
14247
10986
14390
6836
1280
5839
14661
11328
204
1254
655
6539
10463
1666
5296
10569
9173
326
15020
4739
2809
7621
12723
3721
729
7205
14237
6716
5993
2446
2639
6456
15678
9831
4706
6429
14317
2236
1878
4589
1817
10221
9775
5870
5454
5489
11886
2590
6560
13486
2705
14363
5341
5100
6111
13901
7393
13670
6753
13139
11403
245
10542
7606
4090
9378
11339
4022
12528
40
3590
5437
1009
9291
4502
12854
15963
2655
12111
15473
2597
4023
13931
59
8195
1108
13163
863
15968
2392
3549
3567
7584
12249
14001
13873
11044
5023
10563
14846
8824
15401
11577
7360
15298
14012
13283
10144
9510
14873
3159
9134
16025
11187
2960
14501
13649
13164
2086
13483
9496
13798
1399
6646
9585
13196
1214
2616
2086
4342
4107
12104
15032
7033
16132
16298
13246
1948
14267
6585
942
3592
4452
2446
10778
12372
78
6835
11267
13546
506
1218
7438
14937
14832
9471
1998
13484
13274
897
15280
13115
11613
10389
1430
12691
10132
12580
13375
10692
15118
5578
15915
14335
5091
8774
13881
4494
774
3930
6966
6572
14135
14329
203
11654
15246
13577
6821
8535
16188
15516
71
2595
6791
4413
9543
11720
13840
1838
8098
12869
15710
7646
1174
13246
1561
5957
15771
276
3222
9454
16064
2108
15096
5945
7764
186
10641
9076
8410
11469
11440
10508
14680
2043
2956
6276
2742
2515
11209
5408
11735
15470
10232
10165
12751
7436
8514
7945
14763
778
675
7180
10167
13005
11842
12784
5901
12843
8388
3374
1219
7003
9532
1561
7889
11648
15837
3597
4067
13428
14792
11423
10526
9127
13987
2893
14383
6172
2507
2643
2916
14366
10894
3695
3715
1393
11069
10491
11148
6966
7983
9300
1093
15004
5693
13031
9859
23
14044
3572
12630
11484
12501
14994
10946
7582
6315
9355
16135
2620
10422
9492
12183
7466
11817
7756
8670
16297
8286
8197
9308
11995
11245
5175
11142
324
13623
11523
14933
7057
9994
10595
3961
5412
12094
2641
2535
4162
9821
13567
6088
10355
14576
4083
11318
5841
1051
2044
3757
7734
10804
13437
12248
14698
12727
7048
15839
15834
14372
3183
16192
15449
16216
926
8111
2822
2233
3128
7299
1958
12727
11046
5524
12804
7946
9970
1041
12490
6720
12760
11537
9110
2469
12374
354
1635
7307
5599
12226
8414
16265
6321
10272
12148
12416
16062
1192
6412
2562
2120
15050
7861
7385
3600
106
2557
14158
15214
10959
7655
9824
12342
9715
7459
4197
16313
15910
16179
15320
5667
11789
2065
5239
9548
9707
16140
2778
9498
4576
5196
2721
13755
9684
13072
9604
10229
485
7039
2576
3122
15533
3026
11912
6838
14928
6998
15573
12499
13580
13938
3578
4389
10025
11809
3184
9754
7548
822
97
12820
906
7114
6650
2409
2984
6823
5269
2458
9416
9134
16093
12983
15046
5662
13075
8335
3312
10778
10561
549
8061
4170
8021
3807
9325
8026
13925
6031
10014
5991
7168
7850
14896
15030
13360
15924
14550
15412
12864
15628
7745
6568
8934
880
5512
5997
14484
16279
4158
13105
2060
10010
1364
1913
6248
9250
7725
9890
4703
6680
4105
4344
13453
4914
1747
8456
2132
1694
8694
10179
2481
12872
8099
9504
11918
9238
14783
9839
9560
11622
12117
10196
11420
12714
4684
6198
15706
3534
14338
7636
3784
16026
14287
3539
5868
4292
4136
12399
3364
6463
4125
12062
2667
6281
2602
4452
9858
8880
12169
16095
5955
8661
92
6742
6662
11524
5435
2811
6145
6389
14836
7886
8015
14545
3688
3115
5299
9012
10232
13890
3507
4910
3658
7188
1693
12906
6864
5856
5219
4851
13225
16146
12274
15586
5931
7174
11832
6864
7904
14709
9868
10819
125
984
9553
9561
9118
5088
10349
3241
3787
15744
13384
453
225
9454
6806
8110
7929
3265
4549
13353
2774
9142
5746
11092
16363
5530
11319
1999
6729
10128
3199
6022
3676
8537
7886
241
4552
14693
1102
12729
15245
8153
16310
3116
9964
432
4944
16355
13417
4159
12345
3539
9599
13926
9962
4005
10958
1049
13024
135
13678
311
6665
3691
4577
14696
683
1768
16383
14028
12818
4683
913
9807
15379
13720
15303
70
10259
7378
13773
16344
15481
15781
15354
10763
9699
621
2866
3279
11010
1442
13304
12458
13849
11418
2663
8320
13598
5188
3018
15
2037
14940
10903
1018
8122
10391
1539
2338
8745
7390
9939
4182
13648
8222
13349
9676
9156
4217
8932
5266
3870
10839
7032
2657
15592
12392
8091
7001
6864
3816
11205
6079
2331
3138
5365
8495
4968
8378
11352
4659
1432
1148
9742
2281
119
12198
1846
13500
2677
8621
12526
2759
15023
4782
14860
15699
13385
7262
2855
3291
11065
13674
2698
8000
4768
14926
10097
4313
13530
3210
4889
5205
4469
9981
13690
11319
6859
16026
10031
13914
707
2348
9410
3774
15850
8070
2975
9805
1479
14751
13878
5069
5306
12525
1284
2016
1904
14230
5472
8114
5757
15887
14307
4210
15831
15874
10169
4832
1560
2483
9895
10955
5973
14952
6162
11305
7802
3657
10540
15403
10813
11513
15644
6952
1966
3351
5769
6467
6950
11272
8103
12718
2613
10961
3533
10081
15726
3241
8602
14132
9417
10377
1431
9654
2883
4250
7544
9682
11439
8140
1195
14968
1678
9302
227
7257
14183
6263
1581
6019
3491
14912
360
5428
3650
15423
2190
1795
2720
2036
5777
449
9022
435
5728
363
11645
4784
5968
15235
4339
8100
5995
9311
10647
6892
4778
8100
8296
3681
7434
2382
9881
6606
7204
6207
5766
9850
4044
3498
2081
9305
6557
14631
16313
5100
3611
10663
11159
14888
10611
6743
9966
3705
7197
9191
4262
1141
13986
4863
9561
440
13648
4316
12401
8921
13160
13718
7596
3818
9205
16299
6470
12277
5879
16289
11566
12764
8925
12771
13015
8978
9181
12316
2950
13690
1286
188
2166
6355
15427
15852
7395
7524
8168
742
14491
15600
10419
9588
1129
269
376
10581
14341
685
14308
11727
3892
9426
8618
3956
5875
1559
6047
12143
13122
5544
10510
3317
3795
5867
12902
6580
15703
1013
8424
2000
7921
6083
4279
1352
1587
618
13760
5285
12401
5200
5137
10807
8511
4297
15210
10911
6277
3425
11495
16333
3342
8237
3161
3537
13687
7382
2353
4304
4664
9136
9189
11982
70
15277
6793
15769
6803
5339
8931
11701
6111
678
1979
274
905
9501
7829
12433
269
7852
4897
10905
5644
3330
595
15379
6362
8298
13718
8679
1141
10629
4836
10064
14085
10659
110
5965
4269
3601
4108
4862
8347
719
1144
600
13873
388
8096
13128
3006
13916
8253
5419
6107
2327
6405
16369
8302
4839
5696
7937
13995
3842
9566
8324
15210
3015
14
7879
3481
6441
5431
7093
15195
8590
1521
13707
13643
11303
10604
3878
15505
12783
9091
9793
12602
12724
9631
4569
1099
5682
5172
4743
10991
7048
9206
10256
2102
12860
12125
7787
7382
10569
14925
15709
2757
11297
6132
1984
3495
3206
3619
2988
15479
9169
6013
11574
9011
14608
10145
5374
8664
6043
4534
7165
14471
15228
11824
14828
9889
10310
16289
3611
3355
13013
14709
7296
2357
5251
16336
13191
7885
14559
15781
10240
3162
9223
16186
7914
8940
10270
5257
13598
1262
9002
6731
15180
13782
14530
15275
1459
207
4506
6178
2618
15399
4673
11267
10661
4537
2586
7712
6296
2896
965
9313
11702
13119
1400
15285
3021
3015
10606
11240
205
358
11472
7084
3869
14085
1468
14451
9107
2572
14148
3345
5875
12837
8755
8802
5778
8962
11251
14514
13740
12701
5183
5716
13083
356
13971
4584
13464
3322
11787
7722
7192
12226
9018
4467
12708
15594
157
10120
7641
2750
8501
11313
10767
5420
10890
3543
15026
13680
15194
1756
811
5933
16240
15164
10736
1441
3424
604
15833
10183
8396
2300
2234
2424
12365
12824
922
15060
7332
5737
6287
4813
6163
210
2043
6396
2413
12965
5908
3781
5704
12815
13893
1789
10268
16195
13711
13550
15580
1906
5154
15822
15687
8392
15900
10142
13629
13706
9891
10341
2036
3548
1826
9773
15325
10787
3240
12994
9012
1916
5884
11431
15095
3316
8152
2717
870
11279
10710
7239
1729
697
14991
10734
13670
16091
3196
7379
9276
11174
5142
4736
16266
6430
11059
7799
10339
2724
11438
8276
2139
10315
12981
7119
6252
2250
13831
10795
9036
8489
13895
5003
2988
14528
12011
9437
10655
3473
3032
15918
4286
4312
5894
2340
698
9815
11723
8479
4865
11723
9471
8206
13969
3542
1993
16251
16064
3294
4118
7295
10021
8356
5982
9429
15980
2521
13164
14501
15387
1003
14233
12170
4998
4454
14242
12691
13212
7160
3470
14540
8594
15714
493
14488
11300
13002
15575
2866
10909
11413
10275
5398
8881
12987
651
5385
5917
13042
3674
8782
12499
4967
1523
15496
2213
9316
6539
7773
3737
4215
15028
4912
9338
3325
12791
9972
3544
3342
16189
6182
5314
9251
7832
11118
11264
6573
7290
9930
3755
1493
6838
6054
5444
3982
16118
15408
13965
8642
272
10548
13341
2359
12672
7194
14247
2408
4315
15277
4941
4812
15781
8203
5253
8284
15641
14371
11831
2981
8491
2763
11081
7674
15131
8996
9166
8002
912
14215
11532
9292
6351
2337
8111
10228
14953
12306
7086
322
102
16163
10823
14443
12549
14108
11215
3547
15525
13481
5476
743
3035
962
4307
1175
1882
14893
432
11096
10734
12122
7415
13017
31
9804
1042
8722
1160
9248
9567
3086
10483
11637
14999
7694
9068
469
11799
5715
11724
12180
7823
7948
3618
2675
241
15136
2578
7965
3563
1163
9959
1722
5943
6763
8400
15511
2376
8676
14261
8688
3271
15191
4357
1954
7693
6203
15901
8454
2735
4852
4050
4601
5741
4625
14251
13654
11408
2171
10234
11750
1099
11071
7807
2548
4205
12626
11264
12096
3183
13686
9224
11569
9409
11313
8041
13721
8118
5152
4679
12496
12433
7263
3406
12963
12076
2186
5440
1391
10070
10007
5415
15697
1568
1219
6300
5899
1823
11515
8981
6773
4488
541
3889
16084
15652
11182
6129
4830
760
8711
7613
15464
14636
11174
13128
1476
14199
10542
9044
8604
6502
3977
8204
14077
4563
15317
14516
1631
14063
14639
4000
7512
5899
10141
3059
7205
9309
296
3054
13906
5207
2222
14601
12982
14557
5576
12100
6669
10215
9342
6880
10753
5117
8092
8506
6345
7979
6921
4277
5854
7094
6929
13752
3995
4418
16226
1487
4540
9114
9802
14105
16203
7297
5571
11629
8377
4040
14588
12410
4548
6648
13031
7282
10125
3484
3031
4595
8145
5806
7370
8643
14325
8646
6219
14831
6534
4442
11867
5335
12337
9836
3470
11977
9999
7064
7349
16356
9361
9173
2627
12402
14641
394
9363
10749
9566
5054
7400
12076
8277
13940
5166
10835
15130
262
6376
7443
15344
9148
2863
5100
3816
9587
10276
14980
15469
14261
11329
11375
9771
5420
5397
953
1218
7764
14882
7018
16178
9007
11277
3682
1816
15180
7706
3435
724
15944
2800
6619
4813
1546
9469
4048
6877
8730
9520
6714
4121
16103
14348
15009
5777
2650
8163
12187
12538
15961
8853
7402
12184
9141
3443
6751
2030
5514
7468
12483
8269
5001
15916
11509
11463
15308
3924
12319
3389
10293
2051
14825
14
7285
15228
7033
14157
10733
11608
10054
9691
5499
5492
5051
11642
3363
13244
2391
16115
13661
1821
13030
15968
7927
15334
3391
8747
13835
15348
7353
9982
11747
3497
2930
3911
12993
9747
1864
8684
9453
7781
3348
2057
13713
662
13643
11087
5707
4321
13560
6612
8419
1513
7992
12545
15677
2627
4152
252
14563
15390
7824
3076
9043
10707
2702
3828
1543
1716
211
10207
6575
8817
741
10660
5934
11123
1616
10652
96
3342
3750
6561
545
13980
2091
6486
1789
523
5857
4955
7169
15969
11931
813
3054
8665
3881
12952
6581
1026
13232
9500
14068
14478
12946
7484
5789
4451
5170
7593
2336
13776
13999
13785
5767
4719
5660
5875
15882
9123
2681
4805
12597
15850
3203
14346
1062
4467
8572
15358
7352
15407
16280
3299
11
9033
9716
15435
625
6592
7666
10525
6806
9307
12842
684
2500
13033
13275
14100
9657
15513
2638
7864
16
11083
4016
13811
8777
9184
1803
14031
10717
8171
5921
12463
7917
4642
6412
4354
4763
12979
5340
9868
11584
12850
697
12886
13184
13024
15515
2573
2302
1533
11852
4372
10350
14560
9431
3670
13139
12959
8013
6967
1653
7300
1311
11020
10266
6310
6064
12843
8001
7995
2765
2272
12383
11704
9747
4177
3418
3044
9928
4256
11655
7008
6589
16077
10930
15710
8130
12788
251
14006
13508
11147
10249
137
14100
14180
353
13918
2504
10419
15221
6793
717
15750
5072
7558
10371
2293
12909
13867
3721
9498
12828
11379
10778
3049
14618
5803
3876
5258
8330
7542
3284
4424
6305
2327
5858
5451
1180
14079
7071
8663
15953
7900
16191
6052
6135
4524
12760
14058
15258
9393
8579
9203
12167
1768
7008
5195
14786
11896
8431
4110
4199
8950
3894
8420
11456
3129
14968
9918
16342
12889
15549
6827
15421
7112
11564
2232
6036
15655
12382
1746
6067
15493
7199
7899
3860
12696
1269
4405
2488
3440
12971
3114
10259
15564
8164
6450
16110
10174
10771
779
1504
15391
5298
8664
14155
10526
9542
14821
9539
7301
161
5928
8829
341
1932
2215
6370
10098
9532
10726
13149
6215
4555
6909
7387
9318
2504
13178
8039
4678
12058
9495
1512
13343
2012
15062
7280
7005
8979
2015
12128
2219
4526
10644
9002
1238
10071
3303
2792
10628
4315
15324
5983
2204
650
3651
16260
872
2804
4173
5940
3739
4268
1945
9367
6711
8219
14545
7060
8232
16184
9665
14256
4185
7216
12499
647
15191
13508
15055
16000
9328
5015
14442
5978
7211
3233
13685
13527
14310
3586
15865
13525
9793
3063
1231
6140
11002
1812
10319
13235
9499
13912
7041
16266
13112
1787
1136
14572
10928
10835
1
12631
12539
10471
11924
2765
12149
6502
8924
3745
1844
9
1555
5429
1325
7522
2438
11404
15870
7269
4293
16036
16214
6581
15750
2989
402
1497
12198
9543
8376
2105
7520
10662
6759
13387
13523
5784
13664
14953
15244
11471
6986
12508
10132
9464
9497
3259
3001
10312
7898
12088
9453
5114
12198
9131
12268
10043
5857
5519
11104
10087
15633
1546
11977
5522
8621
16015
5106
15364
2654
8249
13724
14762
5770
13590
3188
12564
2524
11989
3202
16091
873
9683
11975
9268
15945
1503
6606
5361
12881
600
6928
12834
1854
15643
4020
14303
9044
15078
12120
12378
12220
4539
8648
3564
12543
12699
8236
14965
9449
14726
14842
14695
12279
12651
4090
11047
836
11724
7734
9279
10319
12430
8560
10612
1751
3515
12069
10959
13090
14876
13035
4395
1069
5056
10689
14746
3450
5745
6503
8955
12705
6826
2948
3723
15626
6608
15862
15067
8810
3606
8056
10303
10786
12680
14950
13229
10656
3477
12562
6170
6843
2920
1564
13454
6297
1869
15486
2474
14166
12033
2791
5333
12696
7810
187
9492
15617
4071
4885
6095
13749
6684
1283
6951
821
3272
9354
2782
15503
10706
3494
14685
4342
8879
2959
4600
184
16104
16364
10943
6997
4016
14212
13998
5544
5063
13427
5563
9949
2808
15082
4390
8099
9935
11377
6516
15838
11443
4692
12768
11879
954
4344
5619
8600
6912
1981
13874
10941
8650
1587
4173
7568
15875
14983
3662
8504
14377
11240
6496
6873
8095
2674
1005
2363
1864
1350
12732
9990
10616
14790
6787
8905
7572
12707
13801
9951
4489
9825
11183
8544
12892
13623
5083
6616
1839
171
11148
1454
8949
5557
3914
11787
1198
4919
8662
6056
7781
1314
8874
10973
7756
8946
5359
1304
7090
2437
6065
334
9674
14492
5706
14663
8621
13284
14730
12556
10173
14705
14945
10083
2284
6874
9215
4180
16192
247
10430
16089
12954
12344
11813
14668
14735
9061
11642
2946
13708
7390
3363
7723
6056
1449
6221
7990
15119
5886
8328
8699
11726
14948
3316
2720
3689
10021
4404
10380
5418
4843
5459
15061
1050
11245
8268
8242
15987
15258
9533
6979
3177
8288
15651
15877
12844
9510
14358
1124
13142
8156
10196
975
15
3133
7019
5495
1017
2013
8459
4561
12405
13742
2304
2718
12220
12382
963
14062
16344
3522
1134
5990
12381
5305
14442
9675
7598
13638
7708
11497
12788
13065
11654
273
6587
13974
15821
1498
9714
11966
1058
1171
9252
374
14623
10132
9474
13756
2230
15694
3035
9190
6673
8657
4870
10659
7708
4314
7016
886
8304
16291
15816
9087
13
15478
14761
1547
15035
14511
15381
4299
11088
13817
5717
738
13672
10585
3903
14030
2394
13069
5373
873
14614
3724
13676
10029
7524
2703
2386
7466
4983
7046
897
2510
12146
8330
6871
16298
15449
11917
11532
12502
3199
4126
12788
1939
751
6345
14278
1752
10782
16107
13476
8223
13555
3485
4697
5386
588
11450
15774
8788
2569
9805
3562
14507
7410
7145
6426
14800
5464
6189
3702
6126
8156
8938
4575
4029
7495
6283
11287
6771
6937
9514
2244
7393
13204
14380
14906
2078
13234
1145
5176
8844
4785
4576
1064
2095
15573
7304
13737
201
15165
4404
15047
13144
5703
4261
4053
3777
14589
14473
7133
8897
10845
14287
5005
1608
5603
8859
5764
5681
3416
544
7418
9371
9488
2077
14214
13599
11721
4512
9210
6048
12064
2393
1821
9704
14490
1339
9036
3684
12002
8308
3047
8193
11068
11027
9057
15364
7179
16355
2816
8171
13747
12697
9622
10128
3955
12826
8483
4318
2362
12765
9926
13178
8513
12968
11062
7490
8785
16265
12526
9978
11917
6210
888
4732
13653
12143
9882
12666
12482
8021
13137
15013
1821
8631
2886
2890
9293
469
7898
13726
7308
2420
2709
8645
1255
6877
2273
10342
10497
5254
6892
5781
4119
1565
5363
3707
10243
8831
13176
3553
10026
11824
15674
3716
9863
4104
5786
7529
1647
11296
1383
6196
14749
1105
13968
8502
8545
14183
8624
15897
9381
14407
3613
8167
8466
7864
2404
11457
2455
10818
14061
14653
5948
6400
3752
1451
7719
6718
717
3661
2749
7562
1952
2926
13531
9925
13120
10041
5268
1583
8343
6068
14500
846
8922
7693
5885
15852
1330
15773
13711
14986
5373
11349
9035
3659
7327
6999
5778
11114
13297
3807
3250
5551
16125
1423
14754
6070
8886
2116
4332
10126
1334
15266
8456
5422
12777
10997
14030
4732
14141
12592
11532
12639
1183
8276
16299
11666
9030
12649
15328
10377
11701
11695
1924
7631
13993
7702
9758
2126
4598
5522
9024
10876
11311
6429
11713
2132
12992
15246
12114
7186
5056
5429
8849
7554
5444
14569
13403
13137
9390
12854
15837
16252
12038
9011
16074
