0
134
773
469
545
224
48
695
695
957
392
531
850
35
54
542
687
7
392
68
427
703
603
952
866
539
94
669
425
718
932
780
268
48
753
336
647
774
1014
374
252
1006
740
771
667
74
646
905
279
446
784
489
243
281
367
170
498
919
931
62
926
516
528
326
1010
505
272
92
970
75
512
393
283
935
542
475
963
51
779
788
847
128
16
704
889
644
753
742
1023
909
238
313
359
525
605
866
421
861
275
425
550
479
294
182
157
585
821
33
547
510
978
766
567
912
639
862
163
217
731
133
93
281
3
424
27
726
960
245
185
325
908
667
153
697
395
397
511
151
601
865
604
978
569
151
1006
418
145
578
258
500
475
984
129
204
326
644
129
666
636
822
253
487
398
208
29
923
436
145
970
420
134
906
94
166
72
374
259
138
801
466
357
463
828
954
667
220
695
930
256
881
482
518
614
837
773
473
974
647
449
844
705
719
1010
977
871
296
550
526
105
423
590
897
450
747
890
732
819
723
759
19
907
537
474
66
730
500
683
698
204
938
886
911
557
142
461
1013
220
456
323
527
902
450
478
826
373
216
1023
157
645
631
0
0
791
744
326
427
698
696
210
856
725
848
96
83
782
644
218
218
83
398
975
970
399
275
708
290
795
802
432
288
198
11
196
1006
249
839
139
407
615
181
848
161
1011
263
239
104
224
649
712
813
712
771
685
648
57
612
232
326
716
120
780
538
567
602
337
719
146
165
496
880
832
570
756
323
138
541
318
602
530
441
265
379
402
457
487
397
285
80
378
260
687
692
526
746
738
967
471
962
329
471
529
677
411
620
1010
154
686
352
554
535
849
15
280
658
559
939
273
993
252
864
710
466
836
22
164
723
724
447
596
769
1015
712
286
771
175
4
507
81
166
924
801
764
446
6
598
530
68
557
399
221
395
641
674
726
551
287
835
380
702
317
9
106
533
794
225
56
72
164
741
304
51
489
468
532
457
153
292
853
712
591
697
339
58
1010
555
1
876
30
386
501
590
756
695
549
36
125
996
192
359
628
622
128
566
976
365
858
997
265
257
434
832
919
250
778
711
462
269
681
119
214
116
560
6
180
613
442
84
703
384
856
126
996
30
82
506
787
956
256
368
787
511
767
688
698
774
37
236
226
576
668
631
380
230
239
668
169
761
163
48
677
127
971
495
635
935
18
607
739
508
54
452
531
790
66
453
1000
478
336
456
761
210
175
381
962
988
261
72
126
538
163
530
107
861
377
434
335
730
590
892
776
856
716
398
957
620
370
552
465
411
246
85
431
483
296
107
221
821
540
684
884
249
728
269
392
82
470
238
814
503
3
272
680
435
191
986
137
814
968
175
620
65
355
299
521
845
854
743
337
821
646
46
42
156
785
63
531
951
225
209
91
716
723
506
268
728
387
205
238
446
480
881
1000
455
35
536
32
771
605
842
337
237
549
440
413
1011
990
870
888
319
151
1021
654
479
954
707
834
554
586
163
967
841
159
42
351
112
98
531
22
574
877
529
690
754
715
23
196
687
354
67
144
943
226
389
600
171
26
707
780
730
79
603
947
952
440
518
851
941
616
741
531
502
165
999
588
279
544
715
683
99
561
625
683
507
585
603
451
154
514
748
32
52
534
328
35
251
109
392
565
611
625
957
790
525
498
665
713
417
498
491
727
547
283
620
286
720
543
960
241
423
611
801
942
697
840
540
235
147
921
257
667
4
958
281
879
285
975
518
125
426
719
446
110
784
102
451
352
304
775
346
338
56
586
496
207
117
997
885
503
376
824
166
163
59
152
479
389
904
434
422
666
315
61
833
919
941
922
788
174
586
32
822
534
882
283
890
600
398
831
538
962
430
593
767
901
346
194
760
736
900
74
727
900
368
92
164
426
98
690
576
832
899
787
650
918
899
498
115
386
391
704
124
78
146
489
725
243
400
999
643
697
930
371
879
813
439
75
510
495
461
511
758
955
307
149
112
82
995
417
244
986
853
202
132
201
347
589
450
599
443
377
391
614
439
152
686
1019
714
412
869
839
812
383
9
491
654
662
660
818
386
366
398
342
710
148
298
682
874
322
147
616
5
942
391
528
352
270
297
853
127
649
49
469
385
159
773
681
11
813
574
295
425
328
526
736
862
237
476
382
51
75
207
579
851
432
859
300
185
366
956
603
377
474
642
967
415
51
455
610
766
884
134
107
681
853
595
674
1005
19
943
199
990
535
285
737
604
857
854
675
747
658
357
547
680
331
890
452
939
283
974
120
425
856
985
340
538
548
837
952
678
249
964
611
129
252
908
200
166
856
616
638
858
687
400
892
683
118
0
692
643
465
588
33
359
