0
1077
6189
3757
4364
1793
385
5561
5564
7657
3141
4255
6807
283
437
4339
5498
63
3140
547
3420
5626
4824
7622
6931
4316
753
5356
3407
5744
7457
6243
2150
388
6030
2688
5182
6196
8118
2992
2023
8049
5920
6171
5337
595
5174
7247
2234
3575
6279
3913
1947
2252
2943
1364
3985
7353
7448
496
7410
4133
4229
2613
8082
4046
2180
743
7764
604
4101
3146
2269
7486
4339
3804
7708
410
6238
6309
6781
1026
129
5639
7112
5157
6031
5942
8187
7279
1910
2509
2875
4204
4842
6930
3375
6893
2206
3402
4401
3833
2352
1460
1259
4683
6573
270
4378
4083
7826
6130
4543
7296
5118
6898
1308
1742
5854
1068
745
2249
24
3393
220
5814
7683
1965
1481
2601
7266
5341
1231
5581
3160
3176
4093
1208
4810
6926
4834
7826
4555
1213
8055
3348
1161
4627
2065
4001
3801
7873
1032
1636
2615
5154
1038
5335
5092
6578
2030
3902
3189
1665
232
7386
3493
1163
7761
3361
1074
7255
755
1328
582
2992
2073
1106
6415
3729
2863
3705
6626
7632
5338
1763
5567
7445
2049
7052
3860
4144
4918
6697
6191
3786
7793
5183
3599
6755
5644
5752
8086
7818
6973
2370
4402
4214
847
3391
4724
7180
3604
5978
7121
5862
6559
5787
6076
156
7258
4300
3795
534
5844
4005
5469
5587
1634
7509
7093
7291
4456
1140
3689
8104
1765
3653
2586
4216
7221
3602
3830
6608
2991
1732
8184
1258
5164
5049
4
7
6335
5958
2614
3422
5591
5575
1681
6851
5807
6788
774
669
6258
5157
1751
1749
664
3185
7800
7762
3193
2205
5670
2326
6364
6421
3460
2311
1588
92
1571
8054
1999
6715
1117
3261
4923
1449
6785
1292
8093
2106
1913
832
1797
5199
5701
6510
5703
6168
5484
5189
462
4900
1859
2611
5733
962
6247
4310
4537
4816
2700
5758
1171
1324
3975
7046
6662
4561
6053
2588
1108
4329
2545
4817
4244
3529
2120
3032
3219
3660
3898
3177
2287
641
3028
2080
5503
5539
4210
5968
5904
7739
3774
7701
2634
3771
4236
5417
3291
4961
8081
1232
5489
2816
4437
4282
6793
122
2246
5267
4473
7519
2184
7946
2021
6913
5685
3733
6693
180
1316
5791
5798
3576
4771
6158
8122
5699
2289
6175
1402
34
4060
654
1335
7399
6414
6116
3575
51
4790
4247
547
4456
3192
1768
3160
5135
5398
5810
4412
2296
6684
3046
5620
2540
76
850
4267
6356
1807
452
578
1312
5929
2433
414
3914
3745
4259
3657
1231
2342
6829
5698
4733
5580
2712
470
8084
4443
13
7013
240
3092
4011
4720
6053
5565
4393
291
1003
7973
1542
2878
5030
4977
1031
4529
7815
2923
6865
7981
2121
2060
3476
6660
7355
2003
6231
5692
3701
2159
5451
954
1716
931
4480
49
1441
4909
3538
675
5631
3074
6850
1012
7973
242
658
4048
6303
7651
2049
2946
6300
4095
6137
5504
5584
6199
297
1888
1815
4608
5346
5051
3043
1841
1914
5349
1359
6095
1308
390
5423
1023
7775
3966
5087
7487
147
4862
5913
4068
439
3617
4253
6323
535
3627
8005
3831
2695
3653
6088
1682
1403
3051
7698
7904
2088
576
1014
4311
1311
4241
861
6894
3019
3472
2680
5845
4724
7142
6211
6853
5732
3187
7661
4961
2966
4419
3727
3290
1969
680
3453
3869
2373
859
1772
6570
4320
5478
7074
1996
5829
2159
3136
663
3766
1907
6515
4025
26
2180
5445
3483
1530
7892
1098
6519
7750
1402
4964
522
2846
2395
4175
6765
6834
5951
2698
6570
5175
371
339
1255
6283
505
4254
7611
1806
1675
729
5731
5787
4052
2144
5829
3099
1643
1905
3572
3846
7054
8005
3641
280
4290
259
6170
4846
6741
2699
1901
4395
3527
3306
8088
7920
6967
7106
2552
1215
8172
5238
3834
7634
5658
6679
4436
4692
1304
7743
6728
1273
336
2814
901
790
4249
183
4599
7019
4234
5525
6038
5721
186
1572
5496
2833
543
1152
7545
1815
3113
4800
1370
215
5661
6245
5846
633
4831
7581
7616
3526
4144
6809
7530
4928
5929
4254
4020
1322
7996
4705
2238
4353
5722
5464
798
4495
5003
5471
4056
4682
4824
3615
1238
4114
5991
259
422
4276
2626
287
2008
878
3137
4520
4892
5006
7661
6324
4203
3986
5325
5709
3338
3988
3930
5820
4376
2266
4960
2294
5762
4345
7686
1928
3387
4894
6414
7538
5582
6727
4320
1886
1177
7368
2059
5337
39
7667
2255
7035
2284
7802
4151
1007
3411
5754
3575
882
6276
818
3614
2822
2433
6206
2773
2709
455
4695
3975
1658
937
7981
7082
4029
3009
6593
1328
1307
472
1222
3834
3117
7239
3474
3377
5335
2525
492
6671
7353
7532
7382
6308
1399
4689
257
6580
4277
7058
2270
7122
4807
3188
6651
4306
7699
3440
4750
6137
7215
2769
1552
6087
5889
7202
596
5817
7201
2944
736
1319
3414
789
5527
4608
6660
7194
6302
5203
7344
7195
3985
926
3092
3134
5632
997
629
1173
3912
5804
1949
3202
7994
5150
5580
7444
2968
7038
6506
3513
602
4084
3963
3692
4093
6068
7641
2458
1197
901
658
7966
3343
1953
7890
6827
1622
1060
1608
2778
4715
3606
4797
3546
3016
3131
4916
3518
1218
5490
8154
5718
3299
6957
6713
6499
3065
78
3930
5235
5296
5283
6545
3091
2930
3190
2738
5681
1187
2388
5462
6998
2578
1180
4933
45
7543
3128
4231
2821
2163
2383
6829
1019
5198
398
3752
3086
1276
6191
5455
94
6511
4595
2364
3404
2626
4215
5891
6898
1899
3809
3058
409
604
1658
4638
6811
3461
6877
2400
1484
2928
7652
4828
3023
3793
5143
7736
3324
413
3644
4881
6130
7079
1073
856
5450
6827
4761
5395
8044
154
7548
1594
7927
4285
2283
5896
4837
6857
6837
5405
5983
5267
2863
4381
5440
2649
7120
3623
7520
2266
7796
960
3407
6851
7885
2727
4310
4390
6701
7617
5430
1992
7712
4888
1032
2023
7264
1607
1334
6848
4934
5105
6870
5502
3207
7137
5466
947
0
5538
5150
3723
4705
264
2878
7004
3037
5418
4722
491
6098
2289
3625
1445
752
7350
8129
4867
270
5660
3991
4664
7337
3559
5640
1664
3946
2231
7758
2001
7809
3907
1041
7876
7021
1781
57
6410
412
7864
5254
4697
1123
1057
6755
4111
5373
4137
4312
969
7397
5479
2273
3167
3207
6808
1990
1011
5966
5309
1648
6952
184
864
1539
2957
6386
5891
5458
4759
2876
1287
2392
1385
1832
5499
3315
7262
4746
2800
3581
5731
6834
6487
6955
2311
2168
1392
4370
599
8181
6145
1001
1348
3482
6334
1749
3554
270
7613
868
2181
3948
6494
2109
1752
2313
3118
1704
7606
6259
5050
4717
2919
7437
1621
934
6481
5719
149
6127
938
7331
5362
2833
3132
1761
2713
145
7490
6434
3223
5980
6812
7190
1061
2813
7717
2967
2884
660
4684
6360
6915
4041
6695
5265
3566
2886
2860
2306
7529
5129
6099
1290
6360
2064
5013
7000
2577
4984
1031
3061
1091
2145
1032
1661
6148
581
3759
7890
1922
1618
5602
666
6997
1249
984
6628
7734
372
493
6797
1156
6563
1863
3270
4908
5367
440
8080
6654
3388
260
885
7982
7103
5497
6835
1951
5873
4830
1823
1865
12
3668
3356
7643
184
4206
3084
7041
6503
4992
2718
5111
5356
5278
2122
212
8085
1701
5261
4590
3087
988
3679
1128
4798
4444
3961
7263
668
2970
825
2451
6894
7479
6782
7948
6662
6536
6879
3675
5260
5684
6682
3835
1586
3289
7623
3827
3100
4240
1865
7366
8076
1122
3755
5645
2285
3352
6061
256
2489
1578
6661
2251
5879
3347
6431
5917
4727
5185
6542
2
5142
2837
3865
4032
4338
2609
7028
1130
3269
3169
6934
459
3742
6271
2396
7880
8184
6075
2865
6525
1630
4921
4446
2061
1651
4715
4208
6125
4980
8107
6540
4544
1201
876
4290
2017
4682
2739
5560
568
6919
7178
2720
1191
6095
5422
3299
4792
4550
4047
5034
7576
5029
2100
324
5084
2813
197
1404
5003
3472
4656
5983
3063
2995
3082
709
4776
3425
907
2664
5612
4620
7142
4357
7983
493
3894
902
8127
4501
5723
1042
3891
486
3646
7520
3600
7032
8168
4499
1018
6933
1558
5442
5376
7972
3748
1305
1140
2321
7970
4898
6981
515
7582
7777
3822
2312
3770
3529
7095
1627
3152
6219
6670
5511
5911
5598
2572
1380
5636
7544
1357
31
1444
1459
1622
5474
5525
4239
2649
3825
2628
767
7130
3646
1210
5341
7716
7228
5414
1670
1395
131
1355
893
2958
4596
7895
2011
195
246
7259
7261
7481
4484
1413
3989
6671
7672
4776
4496
3864
6171
2722
1412
4202
3116
6784
7922
39
2468
3723
7294
6910
2050
6012
6877
3464
5803
3324
4311
4305
749
3307
6407
2169
2521
1515
6198
5084
5286
2681
1263
1510
3729
4367
1330
7583
3351
255
1370
4628
8072
1149
2732
2532
2902
1334
2639
3109
5254
4934
308
2745
640
4456
4023
2358
2070
3598
5395
2667
13
7968
826
2608
7827
2861
1355
8073
953
343
7872
6433
1805
831
2085
3584
1990
2315
4499
7227
6976
5492
4567
6208
7389
6990
6223
1916
8178
2140
3072
2453
6107
8125
6277
3511
5256
3799
839
1489
7072
4123
7626
7356
2385
5153
7990
4456
6804
449
1553
7989
6268
7126
264
4247
3075
7943
1582
1872
4890
7344
4501
694
6365
6316
5803
425
7238
586
8148
2211
4094
5630
6131
7738
5650
7469
1402
6679
2316
3947
7461
5760
3271
1379
7393
1720
4492
3053
2155
6608
1931
5397
2749
4277
3710
4971
5464
178
6710
3090
4438
7943
6113
6498
6215
3712
3332
2000
5753
1751
5416
3334
2264
2811
2469
5639
7817
6374
7391
177
7981
440
3358
1339
6521
94
4931
7548
900
4464
598
4559
3140
3943
3202
3347
4580
7709
5726
4830
91
2316
3173
6109
4634
4540
2200
959
1323
2902
6621
2176
1570
3395
5309
4339
596
3849
3104
809
4040
1088
1771
3590
2892
8141
7308
2866
3597
6566
8045
2467
4723
4521
1173
4149
4094
5977
676
1778
1416
3155
3068
2165
1349
7016
2010
7318
6481
7898
2054
2327
4504
5889
4221
3985
2882
7032
3376
167
7501
7860
4658
8174
3281
4814
6605
3344
355
4468
1065
4707
7939
5581
1697
4619
6804
2399
2507
8011
8068
4781
2726
4272
674
6617
5584
4872
1672
1641
1342
2300
1617
6496
7142
6465
743
1310
2023
6237
4235
3209
7110
2725
4888
6391
8083
7818
6740
6365
5623
6897
5144
6294
3249
4794
3441
6566
3913
5658
6665
4513
2414
4808
3885
7361
3516
2129
3801
0
5390
752
4606
5562
5469
6105
5345
8044
2291
6412
42
711
484
7592
1758
6400
2078
2347
6047
2423
3876
7454
7561
7305
2053
6163
5602
3834
3882
1710
4148
7354
6840
7853
7971
7523
1218
2153
3248
6319
6312
6354
3723
3429
5212
5301
6078
6795
2229
6391
1477
983
6452
8125
632
3481
6890
5189
7739
3525
7749
6541
3089
2021
6788
340
1872
770
7056
356
7820
6752
7118
4194
6144
8178
3419
1733
3307
892
2965
793
1670
3171
6746
7366
7912
6693
3414
6696
5938
3756
3400
4855
4942
5468
8089
6054
34
5123
1066
7340
5552
2689
1940
3698
5576
2120
1195
5765
4905
5660
603
7206
1662
1775
6001
6435
7849
5861
6066
1599
1764
167
6874
6232
1790
3442
2217
5544
6847
413
5102
5191
3749
897
5941
143
3381
4408
837
5245
3569
227
1986
2702
5176
3078
4461
6298
646
6248
395
1512
3852
6868
2772
3017
6994
6444
2282
6678
5761
7355
7130
3381
1490
4542
4349
2875
5941
7962
1927
1153
1947
6566
6736
3285
7109
4934
316
6186
3995
8016
2910
5979
1352
7199
2542
5550
1231
2358
7427
181
4847
7738
6793
4653
1731
248
4768
5256
1270
559
2519
4704
3019
1720
286
6200
534
2255
6312
3065
2481
2903
7923
5097
5716
2839
1265
4227
4632
5705
5644
6616
3758
6030
1325
2685
102
3609
6598
7643
4616
4645
4715
8091
5967
910
4184
3641
3889
4464
4793
1216
5944
4304
2827
4815
269
7446
6206
4161
3351
3794
1331
5679
284
5675
1406
2053
7758
6090
6718
2365
2724
5370
6840
3475
3615
3534
483
3138
5278
4243
1711
6044
5643
4205
3006
4114
1013
3404
6662
238
4428
949
6003
5177
4503
4184
5790
4195
5906
7992
5777
7753
3130
5162
1510
4003
2491
5626
5736
6958
4016
6557
1468
3684
1917
192
4322
7141
2776
3757
5526
1537
4888
2925
6725
3466
424
6922
1136
7569
7012
6718
182
7986
2257
6028
812
6791
6407
101
6532
4958
141
4482
5134
238
2555
4727
2626
5338
6670
6026
6037
5624
1062
6178
2590
26
852
4664
7240
1735
5047
1973
7194
726
3088
4863
6584
3192
5307
6535
516
8035
4848
7877
2713
7075
2053
3872
1301
7133
5855
325
589
6472
1522
338
1948
5592
1579
5336
2821
2239
2596
186
8029
1870
5424
1812
7609
505
6440
2363
5334
3150
1484
6067
2106
4370
199
2311
3962
7658
7927
4809
7253
2831
7121
53
1571
2555
1849
4178
6700
1805
4454
1572
1499
5281
7320
4054
2289
1139
2881
1505
5678
674
353
2953
1999
2431
4675
3146
2876
7099
2369
7526
2627
6120
5426
6503
7650
4227
6512
6628
2519
4734
2645
820
484
5655
1597
3550
4226
2644
4450
8060
5016
57
8038
4317
5269
5139
1567
2336
1406
3633
7608
1180
3255
7147
1604
6194
6564
7117
6752
2688
4677
4940
690
6600
894
3418
6095
2650
5404
4127
4151
7360
1440
3711
2195
3349
3724
7818
7855
3950
1427
5611
4225
7426
4887
3280
6087
8031
2833
3115
7888
6791
815
1087
855
6434
6506
6390
3113
2875
1145
1993
793
199
991
5766
5843
727
4747
7627
4814
4830
8153
4722
529
2232
3079
2103
1953
6639
8051
2249
1098
365
5256
4741
5371
4384
2876
7533
7203
635
1405
6979
3960
7836
786
4896
1008
3552
986
3249
1098
5416
3453
5518
2112
3878
4668
6393
1532
1908
1264
5190
4920
3977
795
254
2812
6430
7512
3384
7629
2178
2010
3334
6553
1162
4806
4856
6650
5574
4230
6744
5397
4516
3141
6182
1592
1046
4584
4688
5748
4977
2162
6308
962
3139
419
1009
387
1350
6504
2831
2294
6896
1828
1065
4162
2150
2451
2330
903
4183
1201
8029
6737
7425
5632
2527
1852
5442
1335
1627
5726
907
674
307
1041
1521
1917
6940
7026
2382
3019
3921
1647
5449
5649
356
6255
1865
107
7232
1930
5853
1509
516
7181
5243
444
4670
7675
7645
7253
2946
2637
4424
1438
7907
1332
5897
8075
1318
5275
5411
7687
595
6371
1566
3627
4067
1077
4077
2792
3131
3000
5150
5942
7664
6333
10
7094
4141
3444
3219
5367
4407
5111
3116
3876
7693
6306
6275
2160
6370
720
5425
4637
7443
2480
487
1160
3880
5895
78
6162
5105
528
5008
5661
4042
8159
6288
4766
6329
202
2512
3820
7879
3392
1267
1746
3004
6841
4865
1518
4747
6696
438
3827
6319
3231
3556
2669
2431
7461
2471
4184
5041
1234
2054
7717
8060
4122
7381
4016
19
2258
8191
7402
204
386
478
7391
1265
4382
7694
2507
2388
3002
751
7868
3648
5402
3660
4781
7769
4234
4133
3046
5633
4411
3437
363
6584
822
7855
4753
5611
5256
890
6686
495
5195
4290
1375
3067
6093
5349
5488
944
6059
4909
7631
1753
500
4744
2972
7930
1440
6668
2167
7405
4621
395
3938
8124
5730
967
6663
4000
16
1624
578
3417
0
862
7966
3483
4883
7503
2578
265
6583
5017
1864
3309
2184
3847
1657
3111
5290
8078
4807
1974
3515
5662
1749
2209
7810
177
2896
3928
1094
5630
1807
2269
1120
4648
5591
5880
5896
6427
2125
3269
8168
1271
1610
969
1278
6831
501
2267
5071
4794
2882
7812
2937
4036
1199
2208
4267
4734
7069
2492
7811
98
7045
1840
7432
2099
7784
1970
7387
948
3011
4216
137
3380
2682
2301
4776
6768
7619
7667
7146
897
7507
4225
7000
1092
1116
5218
1178
5777
5142
7129
7098
2139
5004
199
4324
7854
3007
7644
4505
7883
2425
5977
4731
3735
1533
1404
6318
4563
4493
2739
212
3934
6255
7963
3973
6813
6425
1124
239
2998
7029
2970
5981
5303
2723
2834
1964
1108
6651
2837
832
7442
1594
4281
1901
4221
1671
1500
541
4107
8037
4116
4320
2894
2987
2677
2266
5021
3700
8149
4065
7131
7642
6747
3651
317
2214
5795
1230
7853
7097
5009
7671
6688
7525
7775
286
3130
1410
2235
2330
2362
4454
1895
16
1145
259
893
5036
1612
1237
1297
5003
4500
3131
4873
3710
5652
5979
2505
1165
7357
879
5165
7933
4918
1080
5151
1048
7595
7312
244
4971
5608
318
4921
1907
6610
1370
2450
559
1312
3971
6658
5597
4036
1157
4334
7433
3561
1888
3856
2037
6641
1795
2371
5349
1709
1848
2598
748
3018
64
7168
7059
1624
5662
4057
2110
4255
7759
881
2304
4643
1630
931
7388
6964
5001
56
6781
1840
160
6992
7293
5262
5259
31
7093
1931
771
2037
7055
3680
4248
4873
3979
6177
44
2133
1362
7125
4534
6764
7990
4149
5653
5073
5649
215
2221
1487
3447
8142
1919
1127
3452
1572
837
2794
3528
5572
3780
2545
5181
3191
6208
3885
3461
5269
4638
571
3545
3813
4940
5045
3892
7964
1895
1242
4217
3531
8018
8117
3485
6693
5487
4387
1613
2485
6408
7687
1595
248
1191
2475
5987
2725
3996
8094
6264
3644
230
5403
5381
1370
898
2035
6375
4321
3637
4323
1262
5339
4865
1174
6839
7475
4933
5795
1634
520
3996
3112
5735
6914
3351
2064
7377
1933
1432
6276
7568
6669
4578
4496
3983
337
4362
6409
4861
7499
1296
305
5886
4183
3333
479
90
561
480
901
8004
3142
1972
156
2962
3429
6723
7704
2577
4455
2734
7344
5289
4345
3027
1850
1255
7483
381
1815
4979
1853
4651
1500
3413
1503
5187
6391
5703
316
2012
4418
6810
3791
5290
7903
5976
7442
2743
4673
7905
7894
4849
5249
219
4070
4536
6136
2377
3172
4075
3622
2475
7601
60
2607
6171
8055
3511
770
46
7111
3708
3879
3597
2826
5513
163
4521
2564
3337
6410
4060
4419
2416
4549
7074
3064
2735
1246
7096
8093
902
2245
118
4751
7130
5077
765
6586
7451
8018
6208
1703
6957
1410
8154
5443
2838
6328
1892
4552
4500
2572
731
4552
1628
3268
7616
1090
4052
815
2971
4712
6188
3056
5575
900
3629
7576
4528
7569
5905
5459
5731
205
6428
2119
7033
1083
6472
984
3780
6147
4134
60
4192
4983
139
2297
3554
1529
7674
7600
6380
3541
4049
595
658
5128
7741
314
5798
3527
4170
3293
647
2197
3007
2025
3048
7129
1425
3951
786
607
7823
2133
3187
1592
5005
8093
1616
4709
3720
1392
3006
11
6244
2822
799
3807
5669
7888
1805
5297
1449
7407
6645
6949
2016
84
4651
3752
2168
4198
3657
7367
433
3042
7485
4320
5166
276
7993
530
2895
4436
6945
3681
7873
3736
7031
152
7108
6939
54
857
2895
66
5135
5385
6095
5239
2105
4904
3975
343
1170
6173
4028
7397
2420
7149
7929
909
4683
1131
5889
3689
6350
7147
5993
5785
3365
6731
6662
6904
4295
3287
4809
3618
6031
6058
2223
7859
6073
5625
3485
3387
6918
297
929
7292
5607
3375
2356
7095
2041
5751
5419
3452
155
5023
3950
2661
1024
4222
3316
3484
3950
6477
2731
7004
410
16
3279
4562
4991
6733
3509
2958
3496
6533
813
3967
3899
3886
4661
108
666
2679
3116
1977
5210
7728
1587
3552
488
5006
4849
7102
7255
6542
6678
428
6516
704
1170
3330
1765
634
2544
6344
4986
1896
7950
4542
7257
4609
6231
5203
1810
1837
3414
4091
849
6096
3601
7586
6402
974
6347
6781
385
7848
6685
1449
4600
996
620
4419
2192
1197
4743
8014
5244
650
7502
1183
6243
7121
4175
3390
7832
1114
6386
6544
7815
1234
4540
2152
7460
6302
3373
764
3726
3487
6008
5309
6484
5446
5089
2421
4506
8070
5606
1940
6138
73
4893
3031
6757
1518
1712
5446
7379
5034
2505
5895
2676
6330
3811
1063
1153
1707
6718
7001
2269
6455
7137
5600
6461
6104
1918
6377
4663
6322
7539
8049
8015
7472
6674
5709
7079
3431
7460
264
5160
4061
6804
2193
4635
4125
6390
12
4308
2362
5158
6630
518
6620
3373
4445
5463
4109
2934
7771
4173
2648
5132
7574
7780
3915
3538
4336
394
1044
5845
2231
1100
6223
6456
6936
3704
5604
1731
2787
3738
4679
6583
7529
1338
4692
8133
715
3187
5326
2798
3589
1707
3346
6662
5245
3569
409
2323
1856
2978
2487
4201
1535
2779
2026
6859
6524
4384
3737
3153
8073
684
1362
906
1491
2194
7275
4569
6148
7371
2324
7380
1338
1961
6112
6650
6641
6810
968
3536
7612
6063
6269
1792
2761
4818
4758
7109
1595
5588
4796
3665
8139
1472
5679
4664
6564
3596
2235
3810
3633
3487
6501
2747
1276
7499
5443
1101
6375
1196
2679
7805
4446
3143
1103
7561
3109
5980
1297
4534
8076
7095
7911
1577
1396
7090
3164
1844
6622
7520
696
4480
2134
2301
7398
6523
2242
2393
379
1801
3161
7636
6326
286
1869
4373
2777
4905
5593
3792
3893
4573
1723
6335
4986
3663
7463
4645
2154
2408
6274
483
6499
4382
1377
6871
6488
4522
6517
2198
7182
7236
2466
6786
3704
4924
7280
7231
7112
4151
7441
2276
6380
6312
6255
1444
7893
2889
2126
5721
6301
8152
6823
4934
4434
1098
4117
3168
3268
1775
2773
8106
8076
1146
3627
6710
4637
7051
7736
7440
2232
2664
8163
46
786
1437
7556
308
7070
5486
5930
5719
228
8119
3649
2484
782
7061
744
693
7277
3822
2448
8012
754
4076
2695
5513
5972
3291
1454
7733
5122
604
7944
1259
4316
6378
1607
4382
7671
1948
6766
544
760
4103
4682
364
4251
3671
3635
1456
686
5020
4873
4284
3095
5472
3055
4404
520
5782
4249
7235
7363
7413
4153
2815
902
7502
459
4479
2362
8146
1698
6226
8085
2453
4937
6978
1963
1738
6293
7694
716
7780
7502
1269
3666
5332
2042
3692
6898
5939
4155
2194
1962
3874
5520
6817
8191
7777
3437
4803
3895
4818
5492
877
5171
5610
2483
6136
5747
7042
2592
6044
2323
2259
5382
2870
5183
185
1026
3991
5312
2670
2427
3021
1227
4704
6423
6670
5183
3356
6089
2100
3795
5404
4158
570
7041
3901
2539
6955
4420
2938
1872
3346
8132
4880
5113
7151
898
509
5775
1173
3321
6542
6564
1459
2696
4965
7231
795
4671
458
4273
7295
6078
5809
4211
698
6809
6191
3744
7764
4161
3103
1037
3420
7399
3507
7822
382
2195
3694
1048
909
4068
6307
1430
6431
6618
4269
2002
5255
1664
4702
2816
32
6143
5019
4225
7446
5862
7045
5172
3886
1052
5971
136
118
1481
826
4312
1883
2774
703
7689
422
3995
1516
3962
2929
4806
2799
4066
1390
2399
8031
269
3845
7032
1837
4383
2627
6984
6240
2866
6268
5636
4432
4607
3207
2617
8111
3515
2035
4262
4654
5857
2081
2269
5184
1569
3913
7721
1421
7436
6729
7418
5776
4966
4754
2466
1168
4611
3270
1907
7819
7050
2466
5307
2861
6258
8155
6647
4947
8186
6421
1578
5529
6911
6145
3947
2021
6380
7842
4894
1157
512
4219
4349
7763
712
5005
7634
363
1792
6655
1805
5849
3253
3975
8018
3030
4156
2194
3325
7020
1053
1409
6802
5985
4172
8109
7357
5808
2705
8123
1543
2220
7295
2152
7340
7332
1489
849
1495
3008
3268
6861
103
5987
4725
7888
7315
5824
3140
4970
1897
7693
6211
2243
6294
845
3172
4696
2977
2445
472
1034
82
3376
3027
1261
902
3557
6584
2353
5625
1380
7161
4301
1615
823
2566
1593
1523
385
3925
5762
1075
1421
6281
6337
3349
6119
1688
3061
5334
2934
1
840
2395
903
4317
3119
3081
1730
8145
2372
3508
1970
6037
4203
94
575
4986
4484
3756
7658
2477
7415
3578
7020
1511
2453
6615
6745
1681
4971
3443
3049
591
1813
2664
6132
2747
6807
1510
5872
6711
58
5758
704
7445
7377
4866
4947
3597
155
6443
3776
2382
4080
5241
7663
4694
6478
4131
571
2994
2399
3621
7323
7692
5528
197
2834
0
4503
7610
1355
6318
6336
2682
2879
5582
1315
3891
5159
1271
2286
5391
8124
3809
7870
2666
4230
4082
6678
4518
6996
5412
2884
5686
491
1209
3675
3692
4407
4882
4749
4061
2539
8088
3239
4888
2488
618
3414
6264
5805
6080
6918
4951
5096
6088
4695
2120
3256
1183
7810
4737
3422
2107
6500
6708
1682
3301
2158
679
3997
259
8120
6695
4423
911
6118
1049
4198
3038
2001
7417
6645
3131
3126
1472
1643
7966
7630
5926
8023
5919
3955
4273
4524
4548
5358
594
1237
754
7211
6873
8123
5363
4304
2975
6409
5760
798
6439
1711
6938
2018
7706
1314
57
7761
4479
7695
1442
5753
6712
270
866
5954
1148
3566
266
717
3880
7815
5106
6563
716
8045
8014
3111
2631
7438
6491
8155
369
4549
7223
1815
1290
3362
2309
8159
3744
434
5234
1847
2472
7166
1250
6569
2084
1220
3358
3980
1006
7759
1760
3287
3314
3072
2351
3230
6043
3998
6570
4899
2221
1468
5952
6593
4050
6326
979
3216
798
3011
1199
1160
1156
7717
6968
5123
3349
7590
6387
712
4487
6261
4353
5070
5873
1023
6789
4624
1366
2733
4838
1804
1824
1934
1263
6550
5248
5468
5319
6212
6477
1707
5920
454
1589
1954
5362
4054
556
6406
445
3544
6519
7427
4144
7434
2303
8175
851
3826
1015
6548
1869
286
4868
2401
4004
6129
1154
6113
5389
5761
4462
4020
1915
4194
4082
3568
4560
2561
657
719
3085
5019
1247
6758
423
1688
2692
5516
7296
2993
6217
902
2759
647
2377
5759
7748
2990
1219
684
5040
7615
2278
721
2828
2444
3934
587
505
8013
7640
5660
7938
5679
6040
1883
4125
3485
6418
4741
6802
5017
2118
2833
4166
3222
1824
1718
2611
5908
286
838
1354
6024
3965
3701
731
7143
3886
212
4316
7514
6594
3204
1606
4419
2234
4679
5213
4382
7741
5925
1230
4563
4998
3748
7610
2190
3039
5845
454
2041
4933
5843
7168
6625
3048
5629
6942
784
7996
8066
3316
5338
2859
450
3855
7838
3696
1152
5239
3563
254
3780
5433
2747
2649
3116
5279
6999
5395
4687
5555
3159
3089
4451
7308
445
7738
3033
6819
7183
3332
2622
6796
424
6681
431
7100
3224
1769
6453
7104
3664
1020
3274
952
2546
2651
2340
3459
6905
4674
249
5608
692
5934
2444
3530
8102
3943
871
7378
4843
3660
6626
1082
7049
2375
4457
1711
5494
7058
7472
33
6752
6879
711
6624
3943
8184
1475
5284
7129
4183
689
3605
6942
2761
6044
1910
7021
22
467
2327
6028
5632
6634
1528
4561
5799
1091
3468
4785
7836
2031
5891
6196
5836
1016
5560
7993
4983
6179
680
6436
1117
587
2815
5565
5400
1893
1400
3683
7340
6244
4841
1757
4209
5807
38
2861
5257
270
281
6407
6871
6030
4841
1658
5163
4264
794
4588
2089
932
6505
7149
531
2522
4059
1688
356
5366
505
2281
2644
6713
1545
6303
4646
3228
2613
5304
2489
897
3991
3928
3910
6736
6403
7924
8168
3827
4554
472
7108
12
1739
4663
4296
5723
656
930
2736
3550
2129
2926
3522
7656
5964
154
3431
6864
8142
95
7920
1317
3155
1187
3436
5587
1859
5927
6184
2571
2932
8003
5371
531
7904
5473
20
4699
2752
1676
1022
7920
4431
7046
2780
3849
7038
7250
1721
3486
7761
368
6864
4217
6078
6443
6268
1997
4814
1310
7116
8059
702
1833
4636
2749
2737
4264
5736
4218
2903
6247
1839
1431
1901
5069
7560
6710
1414
7216
7662
5853
1574
5960
5020
4303
635
7869
5754
642
2547
4032
6136
7200
4105
5802
4310
4198
846
2965
215
7693
5478
6749
7089
6983
7096
4795
7683
5667
4180
4637
6789
5667
7956
3900
1980
126
4088
1487
4051
1303
6121
3369
2945
2087
7644
4052
5306
7737
3002
4727
4172
6692
8128
4441
7796
870
5388
2095
1870
467
5244
6673
3638
7805
7347
4020
2594
6046
6789
4596
7336
4919
3347
1673
1833
3238
3417
7137
4683
6358
4487
5248
3893
4300
536
6032
6419
3157
356
4494
6779
7088
7135
4757
3001
1361
6716
5077
5355
5945
3688
1642
795
5858
6721
6358
4132
2159
5273
2539
7136
4977
7547
660
2825
5542
2528
5747
1377
7195
7549
8016
2429
7646
5029
701
4018
374
1815
3643
6759
7832
4580
2318
7596
1705
1164
1798
5074
7289
6314
5061
2684
3321
7092
618
745
6039
1184
4712
7728
347
622
2824
367
4452
5009
7646
818
7573
6578
7583
3303
5860
495
496
3845
314
4004
3012
7662
7985
2618
5106
6486
5215
4280
7980
5385
1859
4879
1567
7190
1783
4123
1149
4555
6346
3414
1890
5162
1985
856
5151
4053
1923
7124
3442
7701
4265
549
5479
4380
6534
2401
7076
2007
4829
2335
3199
1032
2575
1772
4027
7311
1298
1267
7861
7676
4009
5779
1025
7854
5841
7154
2470
4305
636
7388
4436
2163
7489
4952
2328
1779
5192
6249
5316
4984
3497
4505
1814
743
7283
8087
6327
4532
3139
1052
1741
3658
5654
1105
5852
7053
5966
1759
5256
6256
5165
8010
2755
1178
3661
5306
3171
2190
3335
2815
7094
5299
8133
5121
7181
2574
219
50
6307
263
2649
6664
7564
96
3770
1469
7795
7097
2719
4474
2559
2214
6838
7600
3566
3254
3262
4073
3830
3619
4081
1326
7196
5518
1916
7746
3084
3394
1536
2375
1880
7283
5679
6887
6486
41
4296
3085
2276
7482
8064
2701
1323
4120
5966
5138
5167
977
6744
4498
6011
154
1529
1097
1844
6216
4052
4666
4421
5303
7827
6787
4173
2062
639
1451
1619
3190
7235
322
7000
6764
6211
143
707
4027
582
5892
2560
7348
1250
7529
1774
1139
6746
3852
59
7075
2653
8016
6905
6309
1817
4744
6277
4564
6797
822
5085
2288
2381
3396
793
8178
6390
2927
4901
3027
3835
3899
6397
1551
5128
1811
5055
3093
338
4450
4935
3837
6275
2045
2051
3837
922
7527
2392
6129
345
4148
3368
3226
3989
5011
6920
7323
4859
6019
2232
6411
1790
3092
7905
2927
361
2788
6673
5663
4882
5998
6979
4110
4029
5744
7550
6003
2950
907
4770
2695
7972
405
565
449
2482
4614
1798
2738
1894
4752
7461
5593
1312
1020
3207
5582
6098
7626
2258
4405
5320
4715
3490
3400
933
4474
36
7543
1377
4602
8069
1931
6176
7892
824
3644
551
2634
143
2438
7679
2693
5791
279
946
104
3416
4299
7251
4280
7741
2941
3411
2570
237
2272
1474
4465
3424
8053
7667
6552
856
5239
3372
1941
1497
1943
6231
4779
7675
1112
1761
1483
5291
728
477
4317
7048
4835
6329
4737
5399
7165
5727
5842
7769
1707
5567
5545
618
3705
5778
5625
8136
2244
1384
646
6962
3937
3111
4251
7109
7691
690
599
5357
5727
1089
8009
818
3108
5306
7794
5654
5033
6139
2021
3341
541
7415
1024
7335
6960
5047
6226
3583
1373
7646
5802
3779
773
1137
7576
7506
4843
630
391
5506
1976
7479
1369
6701
6127
5690
7961
1145
4552
5658
4276
477
1422
7431
7936
6737
3323
5930
6898
4412
1803
651
2462
3428
4314
4316
5021
1019
510
331
1845
7169
184
587
4078
6834
2997
2492
2901
6805
1540
1019
1123
1815
5172
6229
5512
2819
3668
4864
789
1035
2789
5408
3575
3476
4458
3450
3317
6334
7173
466
2177
4629
2829
731
5281
3795
3691
7960
755
682
1640
7105
6817
3045
4082
5354
3322
2609
798
4175
3916
5467
6976
3250
4035
6672
4550
7466
8180
2738
4840
4932
2107
2637
3959
1509
4954
1986
6728
5132
2643
2204
1295
723
4915
4965
6941
7928
1367
3716
167
4648
4389
772
7723
467
6551
6232
4277
2187
1801
6369
3913
4336
2159
4088
7442
4856
211
5839
2454
571
5830
1714
7090
8104
1916
1963
6614
4361
2294
135
1850
7795
3019
7355
7664
8118
5068
5336
7776
508
4586
1935
778
1621
3494
168
7640
2884
1227
3893
343
7154
7837
5796
4881
7043
6156
3968
281
3828
1031
6380
6269
1954
5356
2392
6556
7373
306
7317
6789
6427
4140
7979
7326
1930
3334
7461
4367
1291
7788
8
1408
2005
3587
3131
3199
2632
129
1516
2930
780
2946
1119
4461
8018
5362
7876
7405
5403
5980
1269
6012
1549
7806
712
3194
1419
8146
3935
7642
4865
1040
4740
3895
2594
7272
5485
7991
449
384
7090
1984
3489
5646
6698
6295
6143
3438
7153
3215
1579
742
4629
204
4689
4296
7757
1382
6039
5559
6030
4028
1835
6914
389
2766
5655
480
7055
579
4175
7725
6096
5502
604
4294
6263
4796
5893
2427
5962
3185
2448
3818
7966
6930
7201
6822
8146
4320
2384
8040
3985
5856
3682
5172
6183
1043
553
3693
529
4002
5812
2041
3441
3155
7908
5138
4423
1691
5861
5256
5242
3380
1019
3717
5670
2942
110
4690
5153
5870
2673
3698
4732
4190
4563
7419
3735
2798
2908
1595
6810
4155
7042
4208
5338
2433
4017
3723
1348
5015
858
2031
5536
4614
5581
302
2288
6698
1386
4580
4081
2669
564
4773
979
2360
5698
6642
5635
6819
2514
5927
3183
1973
7693
6655
5118
2224
4293
7680
507
8118
2480
1702
5334
3595
5578
3407
6634
586
7143
4906
1530
3885
3415
5980
5642
6693
2570
7507
2779
2498
63
790
7121
7251
5539
4999
7854
1820
7601
6761
2684
3610
2335
5373
5987
2559
5088
1391
6005
6412
7808
3200
2355
5536
6905
4313
6677
6951
4842
4759
3795
2740
4803
5292
917
7098
5570
7840
8152
7174
8191
2975
1349
5421
120
2688
7765
988
6673
5647
6906
4804
5308
6903
7955
8086
7244
4817
5092
5068
2028
3430
2987
6041
1423
7689
3163
759
4716
3115
1842
7577
1901
8087
7822
1845
4634
799
1212
2138
4000
1531
6806
2385
5699
7275
6289
6372
287
3343
4203
5074
3272
62
5366
5623
6624
4424
3284
3804
510
752
3978
7141
2020
7301
4907
5078
2756
2181
2121
7912
4143
5612
3409
358
3576
2327
6688
7119
6280
8107
3239
7313
3747
2749
7706
5078
3292
907
4462
5180
4190
7719
3757
7054
150
1834
6584
3780
4803
1535
7925
3202
79
2184
1335
5351
4220
3438
1377
1319
5504
1441
2976
7272
6249
1605
389
1589
4300
3188
4802
7630
1638
1284
894
904
1454
348
6230
1890
7707
5629
7394
3399
7802
4681
5587
3162
371
5183
2048
468
2882
3392
7212
4510
7283
1889
300
1867
4683
2059
2916
5011
2101
6650
3578
4130
2945
7042
1421
5521
1065
1610
4361
1515
1430
6907
485
4773
3678
886
3198
6315
3762
3944
4555
1442
100
2202
5669
4962
3678
4222
7247
4979
6168
252
3422
6538
7277
6247
3889
2288
4200
693
7784
80
6944
5652
4518
7635
1004
6069
1708
2291
8147
7303
6098
2434
3908
3067
5083
5058
2704
6464
2687
6574
4164
2507
2865
6709
3032
7913
1326
7843
5810
6790
2046
5938
6964
4572
987
4752
4435
6629
3373
6560
5766
5360
6964
2797
2590
1508
2760
7169
5442
499
3439
4777
3919
5460
7650
3909
609
4028
5841
3740
193
2102
4260
6942
2096
1778
5147
4013
2765
2671
5075
5114
827
6416
6587
2348
7546
6215
1966
5832
6734
3675
1905
7125
432
312
2842
582
1985
5001
6349
2144
7267
4342
7847
6016
585
1753
7750
7976
7902
6644
4074
933
5806
4854
7429
513
1
4678
4168
7438
7596
7336
869
286
7049
6851
7833
4476
129
71
7724
515
3530
3470
5022
906
4189
759
1701
6073
6542
2757
7035
6160
2762
6246
7844
1655
866
7691
5164
4417
2648
2332
2433
3601
6122
5080
6984
3579
3991
507
7489
1942
7376
847
4888
5477
5773
2737
4235
3085
6037
4122
3970
3882
7844
525
2098
3083
7043
7503
946
2812
4942
2436
321
1154
4955
7632
5524
7930
3685
5604
7135
853
3300
4782
758
2369
7846
2883
8156
5077
7915
5202
4128
5933
7328
807
1399
6616
6324
6118
5989
388
6754
7932
3964
3442
2673
344
7743
4190
1070
5345
8126
4231
1654
5068
4064
884
793
3953
4927
5946
6436
587
823
5660
2354
3355
2390
791
1155
1434
3544
7014
4176
4380
1189
6364
4766
2748
8041
7958
4614
2029
3676
3913
1838
2179
4615
699
1506
83
6489
7814
515
5918
3377
6168
6984
5059
1810
92
8031
7894
4455
4520
2445
2784
4116
7627
7526
5655
1190
1197
3120
8173
6057
5449
7461
6532
1546
6082
5046
5910
4067
1102
5273
1885
7376
7217
7175
470
4877
6219
919
2124
7754
4924
1833
3320
7980
3860
8153
6470
4701
4974
7621
5638
3109
4333
7440
7950
3855
5016
397
5569
2447
1804
1282
3921
6374
2364
5669
200
231
8140
3092
1508
2974
7768
7167
287
6527
3841
4205
5873
3483
3949
1673
2487
3894
7031
3920
3243
6690
4456
797
2756
1610
7677
2798
1008
1021
4198
653
4626
3358
7052
4686
7993
2524
1217
7072
774
8029
6291
1111
4412
7886
6749
3954
2558
4456
7268
2324
5590
2161
3897
5169
7230
5219
5019
1565
5014
4034
4019
5287
6195
5234
1311
3135
4121
7538
6572
2602
6241
6087
1715
1808
842
7006
7119
2561
2694
7651
1992
2994
3001
7104
4754
3914
1282
3412
1288
2589
6241
403
6602
6076
2169
5295
4175
1989
6761
1278
4110
2493
7143
6698
2849
3787
7192
7945
5084
7517
3239
7436
1341
7328
7408
6533
7785
3700
510
6726
4433
3595
7122
1723
402
7948
7987
7939
6178
4595
6047
7750
2378
3097
7121
7026
3888
3721
1301
6635
3548
3922
1766
5353
2120
6706
931
2990
6164
2885
8059
4863
2305
7373
6313
1595
4209
4505
4906
1114
5674
6442
3313
220
3086
2910
3423
1641
1690
7984
886
5375
1118
310
7755
5468
7661
3376
986
1651
844
2147
2444
2564
4127
350
6
2417
1556
6281
3201
1729
5298
1758
457
4480
7179
4223
4164
6633
7034
544
1436
6552
7678
5365
694
8085
1763
1241
3677
6765
920
2163
8081
5253
6977
5449
4396
1775
1379
5737
2851
6495
3434
4519
4758
7762
5276
91
162
5048
5366
1926
4691
6920
6382
5248
4012
1517
4025
6763
5986
5320
4476
1942
2612
3228
1514
5694
7879
3852
2117
7063
8122
363
4942
4317
5087
920
2597
3178
3070
2876
5721
4909
5160
6735
966
6299
4157
7869
3448
1779
7175
6569
2057
4165
6462
3907
6244
2682
2580
1978
509
0
537
5581
1961
7078
1538
4381
3072
7560
4438
4346
7355
2190
8048
6701
1383
3905
2009
4373
1420
2772
6430
1766
3204
6956
3416
1998
7714
6575
2642
661
1798
4146
1175
7332
4705
4812
3351
8102
7097
5194
7593
5890
509
3129
5572
2668
8141
4094
1045
3578
4306
6761
2155
4456
5884
6798
3893
431
7303
5822
5790
3403
618
3712
170
53
732
5028
882
1953
3502
2159
6363
4355
7146
3681
1924
6996
6341
5117
4853
7683
155
2627
4224
3788
6308
1054
3730
7379
7148
7339
4594
6336
2499
7073
3875
3143
5625
2073
1795
4516
5745
7546
5198
1493
4646
734
2400
6216
6465
7678
625
428
914
6701
2712
4062
3388
3045
6324
7147
1193
167
2489
3421
3219
1411
3689
7650
5265
1703
2120
5941
2331
2469
2695
6301
3157
3774
7212
1574
1417
7819
381
5662
7169
4469
4715
1781
7929
7049
4229
4625
2211
1338
1868
3769
1294
1318
5385
7600
5084
6943
7120
5971
2685
4606
6403
5359
6172
3197
5665
5820
5946
5218
3111
5094
1417
6889
498
5179
3133
1855
6134
3499
186
4031
6577
4816
4850
3507
825
5061
1936
8189
2566
2035
7422
3589
5955
4901
1972
7046
1586
2766
1966
4143
709
6559
5042
2051
6914
3889
310
1881
3592
7265
6589
422
4905
7941
282
4261
5073
6639
1258
5060
7106
1162
5688
217
7525
7140
2150
6765
6591
117
6429
3196
5316
1797
2612
1198
983
1338
4873
5458
3138
7087
8095
3020
81
2041
5453
6372
2860
1237
5819
5798
7221
481
4936
1690
5346
5740
5921
1333
4363
4138
7819
2213
1168
6776
3707
538
3818
1163
3937
2562
240
7077
485
3814
7428
6257
7387
5231
2193
6456
799
2133
7175
6920
2146
214
2616
6850
5154
4549
4943
7368
4845
351
1163
6963
46
2580
5833
3881
5163
4025
3594
909
4860
1312
1215
3506
3939
2228
4968
7818
70
733
4013
6718
7568
1659
775
6529
7199
4971
5460
632
3588
1549
2569
659
4483
5164
4641
7324
2691
7568
1610
7069
211
3173
5228
6714
1877
1172
4630
636
6978
6160
3562
1823
1280
5710
4162
2708
5735
753
2155
2600
159
1938
2981
372
3
4633
6229
1045
4572
2960
5798
2786
3573
4798
175
7195
1203
5172
8134
5411
3098
7727
888
3062
6733
3369
4558
1330
2220
3314
3289
4443
970
2199
7415
8018
6914
1870
4895
5423
7858
5889
4833
1197
2951
1086
1706
1677
29
3294
1082
4720
2550
7670
1651
3552
3179
520
7554
504
450
6204
4328
4064
1652
1963
6678
328
7223
7324
3790
712
41
6145
474
5660
6896
4295
2717
7989
5245
2588
860
1754
4972
5691
5270
5086
836
6603
1288
2588
4553
1700
6401
1761
3000
2087
8039
7117
7606
7499
1761
6232
7726
2376
7891
1574
3515
5629
5343
4879
1837
7533
3703
4597
3544
4914
2070
1585
8007
423
94
3957
1028
7997
4643
3311
36
7125
7242
1942
2400
7614
370
8170
4165
293
1607
7950
6764
2038
2903
4027
3385
6425
7248
1847
2223
3513
5679
3685
6937
983
1688
1989
1702
7222
7466
5748
621
3910
1884
7090
3081
5513
6825
5882
2851
2527
5079
1837
2376
8004
7697
6262
7634
5377
3881
1217
5412
917
45
3065
1635
2857
4029
1067
6276
2842
5469
7142
3158
5017
4157
768
7873
919
7834
7906
2640
4275
5906
7513
2940
366
2345
1578
567
1567
1015
3612
7611
547
7183
708
3088
1243
6682
5325
5390
5666
6507
891
7092
185
6219
3808
8089
2124
6329
5305
7152
585
747
1864
1970
2507
4048
2612
513
4765
6971
208
4174
2169
4021
4008
835
6912
25
7779
6510
6601
2738
1547
3313
490
6377
1867
7010
2325
2420
7042
4183
5869
7160
1804
6089
4944
8174
3045
1526
7838
7118
1014
7130
1975
6118
4545
5611
6857
5805
270
1969
6836
2701
4185
2399
2296
7179
6729
7520
1576
1971
4430
6038
1580
1053
3275
7517
3627
5827
4718
5963
1196
4101
4672
4778
6599
5841
5970
7437
1718
3044
4030
5377
3513
4450
3431
7835
4328
7545
4907
4251
1466
6363
7063
5440
7823
107
7161
6365
461
6667
4540
5207
4726
5312
4331
5334
4661
187
3087
5758
3752
7736
7404
230
4049
3482
8078
521
7699
1747
7618
5929
6947
171
7498
3185
2125
161
5757
1533
1077
1855
897
2835
770
3141
3121
2638
5269
7443
3895
7700
7615
2483
2877
4130
5615
5501
5294
3024
7790
2331
284
2115
1872
5502
5634
2568
6697
866
1429
6908
1420
1035
4789
2367
1130
5946
6121
1201
8129
1252
3328
5246
7849
175
827
7134
4754
6181
6205
7301
1428
771
5237
787
4189
7164
6575
5811
1427
2074
473
827
7455
2453
6429
6395
2112
6505
5942
7990
6161
7936
5438
3505
974
5682
7722
1467
8088
679
5021
1343
8075
5123
5748
111
7055
7227
1302
5551
1954
7432
31
2953
7783
3055
6321
7223
4470
7590
4591
6027
687
7133
3709
4096
7909
4446
8165
2466
513
761
2589
3875
6625
7789
4012
4530
3
6416
3536
2005
1985
163
2506
4176
5139
6396
219
7541
4571
2332
2782
2198
6156
4867
1408
105
4129
3635
5285
6847
7526
6286
5817
6636
5267
7885
7471
2213
2334
2119
3631
7299
1380
4092
789
7559
2725
4447
8061
1823
4663
1467
2526
3628
2969
1494
4042
2899
5532
7021
2102
1170
989
2836
5379
6929
2572
7603
682
4675
1890
3697
3869
6285
120
1890
6541
6989
5591
2768
6990
5415
3976
1192
6474
5253
5609
6639
5556
6996
8017
1261
7136
4186
715
1088
2531
5447
2109
7665
4777
7899
1128
5287
830
5457
6727
833
2798
5788
1536
1462
5387
751
2867
3000
5642
2276
1690
7478
8108
3094
4693
5792
8134
3466
7507
1184
323
6669
2106
1792
6861
2845
4036
836
7103
4478
2492
3300
3198
2621
2491
4486
6591
3195
2749
7655
7684
8038
7552
1587
2201
264
8065
8184
2704
4422
3116
3442
4586
633
1337
7883
5266
5266
3497
3348
7965
3089
1065
2762
3727
6863
3841
6078
4212
5930
1279
5968
5971
1746
5267
7193
8124
4214
7612
4642
4937
3706
6850
5479
651
2431
6360
7003
3579
3976
623
2137
7278
5785
7933
1610
2343
3075
5891
4399
4477
6124
3968
3661
1143
5230
6667
2081
6282
6931
327
2513
7450
2186
4295
2636
3491
23
6293
7290
688
656
6828
3225
6677
6548
5021
740
7618
6774
8110
7181
733
1065
2176
7205
3476
4888
5284
2047
7697
1192
5048
6504
5822
3165
610
6497
1547
6022
6937
5401
6410
4908
4088
3285
5591
4724
6867
5504
6194
2775
5087
2347
4111
7858
2311
117
7182
6780
2096
7371
6563
5715
6940
1187
5311
3057
1221
3998
0
4557
1070
5708
8190
1834
816
3936
6169
4918
6291
6202
1781
758
1213
4870
2451
3695
7308
4669
4216
7625
3020
2057
2646
1085
1346
4145
7704
2425
4639
341
6151
3703
8053
1539
7955
296
6675
5395
5811
1154
7209
1130
2906
4832
4959
3330
3263
1596
4241
1781
5322
6348
605
7133
2358
6495
4257
6225
527
7639
3612
7250
1366
4890
1470
4598
4148
1554
295
5043
361
4875
3209
5617
4542
307
7383
6326
7839
488
5407
4215
7987
799
4278
4520
2716
1569
202
543
3150
2427
5419
1732
2268
248
1407
4178
285
3422
7533
1646
7868
3027
4606
5017
1653
6825
6147
7062
3848
6245
5066
241
2994
70
5056
680
2351
5753
5713
4199
127
5953
4616
70
5097
5603
1494
4186
8179
1894
1912
5367
5008
4101
25
2298
4570
2937
3447
3651
100
8067
8026
6938
92
7091
7842
7922
1835
8111
4224
2188
8040
3987
7569
5152
2525
6581
1098
4694
1429
6570
3266
8040
7131
90
4026
5538
4732
137
3709
8067
6394
8188
3190
7960
1865
6303
1809
7834
4079
7709
1267
3740
6895
7996
249
915
3351
5737
4478
558
7254
6034
7772
8068
5088
4098
5103
5756
6268
7301
4730
5182
4386
2331
2951
1457
2991
6946
4445
2162
4073
3662
3854
4835
6486
5669
781
1738
5851
134
1576
2700
132
2090
3956
7299
5527
6030
7162
7312
4785
4522
22
6639
1952
3564
4786
1967
5153
6492
4144
2738
3286
3434
7365
2724
6565
7170
6106
7634
1712
4366
2280
1626
6578
6458
1459
2893
5472
501
1422
4091
6314
609
7736
2296
4924
6909
986
4029
2814
5281
4666
402
5308
1208
3195
7009
1668
4945
80
7985
3661
2245
1127
7638
436
849
4813
3849
127
7197
3677
6526
852
5165
6080
4529
3317
130
6170
5435
3640
7177
8017
7078
8022
211
6776
6362
2346
4527
7082
5781
7559
2234
4841
6730
3959
5781
1824
6339
5907
1429
944
4146
5555
432
4495
5133
5468
2725
6018
3068
4
5599
1467
3626
7975
6322
2665
945
4904
5945
6401
4804
6549
810
7651
7104
7621
3672
7659
5333
5186
5949
1064
3639
2893
7446
7117
6483
2591
2787
2602
2640
4798
321
5349
1404
7332
1388
5477
4857
622
1843
4414
6743
1320
2674
7800
902
4844
7790
709
7558
4930
2913
1096
998
5677
97
4364
4483
1
5345
1307
8040
1490
2774
3083
4376
3669
7499
3569
7254
4449
1664
5453
2713
7876
6004
5838
4510
39
281
637
354
8112
5760
4528
5297
2982
1932
6927
739
6359
6245
4085
3860
4918
7283
6128
1504
788
489
2362
5885
1267
923
1727
3247
2278
5330
3746
383
4127
3089
7559
4331
2002
5870
4901
6424
1060
8024
6691
3229
3256
7594
7724
4726
5563
6425
3263
8178
4947
7928
7740
8107
71
4755
8149
5407
3122
186
4254
3217
2746
3796
3235
294
7192
8145
801
958
1419
3376
6420
2822
1721
3664
5319
2405
45
5047
1345
7085
6767
4083
111
4449
450
4940
5551
370
1531
521
5075
5446
4251
7075
2301
2319
7220
6767
1558
7387
72
470
7902
7520
3382
3252
3535
8143
1478
6315
4526
